Time        	Cd            	Cd(f)         	Cd(r)         	Cl            	Cl(f)         	Cl(r)         	CmPitch       	CmRoll        	CmYaw         	Cs            	Cs(f)         	Cs(r)         
0             	4.180066e-01	2.090033e-01	2.090033e-01	2.862294e-17	-5.030698e-17	7.892992e-17	-6.461845e-17	4.960917e-22	6.171668e-21	1.053243e-35	6.171668e-21	-6.171668e-21
0.5           	1.145397e+00	5.726986e-01	5.726986e-01	-2.838154e-07	-1.412196e-07	-1.425957e-07	6.880448e-10	1.844806e-19	-2.554414e-21	-2.008841e-20	-1.259862e-20	-7.489793e-21
1             	1.287857e+00	6.439286e-01	6.439286e-01	1.259904e-08	5.841359e-09	6.757684e-09	-4.581624e-10	4.197523e-19	-3.410761e-21	-1.824333e-20	-1.253243e-20	-5.710906e-21
1.5           	1.740584e+00	8.702921e-01	8.702921e-01	1.215985e-09	2.128344e-10	1.003151e-09	-3.951583e-10	5.992796e-19	-4.553687e-21	-1.548044e-20	-1.229391e-20	-3.186535e-21
2             	2.404553e+00	1.202277e+00	1.202277e+00	-3.510836e-11	-2.525272e-10	2.174188e-10	-2.349730e-10	7.095665e-19	-5.613399e-21	-1.129446e-20	-1.126063e-20	-3.382981e-23
2.5           	3.010899e+00	1.505449e+00	1.505449e+00	-1.438656e-07	-3.613353e-08	-1.077320e-07	3.579926e-08	8.042455e-19	-5.607795e-21	-5.770757e-21	-8.493173e-21	2.722416e-21
3             	3.167865e+00	1.583932e+00	1.583932e+00	1.078054e-07	5.424749e-08	5.355796e-08	3.447627e-10	7.884357e-19	-6.754999e-21	-4.080883e-21	-8.795441e-21	4.714558e-21
3.5           	2.965643e+00	1.482821e+00	1.482821e+00	-2.136273e-08	-9.701511e-09	-1.166122e-08	9.798525e-10	6.625881e-19	-8.185686e-21	-4.325417e-21	-1.034839e-20	6.022977e-21
4             	2.763379e+00	1.381690e+00	1.381690e+00	6.416251e-07	3.302125e-07	3.114127e-07	9.399916e-09	5.528299e-19	-9.065970e-21	-4.202148e-21	-1.116704e-20	6.964896e-21
4.5           	2.649032e+00	1.324516e+00	1.324516e+00	1.023131e-06	5.147157e-07	5.084156e-07	3.150062e-09	4.987839e-19	-9.190695e-21	-3.264522e-21	-1.082296e-20	7.558434e-21
5             	2.615750e+00	1.307875e+00	1.307875e+00	3.100952e-07	1.645798e-07	1.455154e-07	9.532232e-09	4.947372e-19	-8.878882e-21	-2.075524e-21	-9.916644e-21	7.841121e-21
5.5           	2.510300e+00	1.255150e+00	1.255150e+00	1.830882e-07	9.209477e-08	9.099343e-08	5.506687e-10	4.944695e-19	-8.328815e-21	-1.388338e-21	-9.022984e-21	7.634645e-21
6             	2.291566e+00	1.145783e+00	1.145783e+00	1.914921e-07	1.047552e-07	8.673691e-08	9.009150e-09	4.762374e-19	-7.809923e-21	-1.369626e-21	-8.494736e-21	7.125110e-21
6.5           	2.029356e+00	1.014678e+00	1.014678e+00	1.943879e-08	8.886852e-09	1.055194e-08	-8.325427e-10	4.363358e-19	-7.224733e-21	-1.304662e-21	-7.877064e-21	6.572402e-21
7             	1.915777e+00	9.578883e-01	9.578883e-01	2.663452e-07	1.627526e-07	1.035926e-07	2.958002e-08	4.092438e-19	-6.816325e-21	-6.761569e-22	-7.154404e-21	6.478247e-21
7.5           	1.967923e+00	9.839614e-01	9.839614e-01	1.092974e-06	5.661014e-07	5.268726e-07	1.961440e-08	4.162602e-19	-6.556831e-21	4.568422e-22	-6.328409e-21	6.785252e-21
8             	2.091329e+00	1.045665e+00	1.045665e+00	-4.049434e-07	-1.862567e-07	-2.186867e-07	1.621503e-08	4.409041e-19	-6.428739e-21	1.389243e-21	-5.734117e-21	7.123360e-21
8.5           	2.091164e+00	1.045582e+00	1.045582e+00	3.378585e-07	1.880443e-07	1.498143e-07	1.911500e-08	4.493054e-19	-6.215560e-21	1.651731e-21	-5.389694e-21	7.041426e-21
9             	1.978196e+00	9.890979e-01	9.890979e-01	1.794712e-07	1.228954e-07	5.657579e-08	3.315982e-08	4.346228e-19	-5.990571e-21	1.505570e-21	-5.237786e-21	6.743356e-21
9.5           	1.869842e+00	9.349209e-01	9.349209e-01	1.374567e-07	8.541864e-08	5.203803e-08	1.669031e-08	4.117464e-19	-5.913181e-21	1.428599e-21	-5.198881e-21	6.627480e-21
10            	1.861499e+00	9.307495e-01	9.307495e-01	1.311887e-06	6.452684e-07	6.666189e-07	-1.067529e-08	4.010189e-19	-6.033561e-21	1.622560e-21	-5.222281e-21	6.844841e-21
10.5          	1.915656e+00	9.578280e-01	9.578280e-01	9.062451e-07	4.385892e-07	4.676559e-07	-1.453332e-08	4.076838e-19	-6.137181e-21	1.990526e-21	-5.141918e-21	7.132444e-21
11            	1.937049e+00	9.685244e-01	9.685244e-01	5.809790e-07	2.887671e-07	2.922119e-07	-1.722373e-09	4.164140e-19	-6.197936e-21	2.139508e-21	-5.128182e-21	7.267689e-21
11.5          	1.880591e+00	9.402955e-01	9.402955e-01	1.391045e-06	6.885850e-07	7.024595e-07	-6.937255e-09	4.121301e-19	-6.297271e-21	1.835597e-21	-5.379472e-21	7.215070e-21
12            	1.789248e+00	8.946240e-01	8.946240e-01	1.165303e-06	5.833263e-07	5.819769e-07	6.747335e-10	3.956139e-19	-6.430842e-21	1.466704e-21	-5.697490e-21	7.164194e-21
12.5          	1.746429e+00	8.732146e-01	8.732146e-01	2.409032e-06	1.207310e-06	1.201722e-06	2.793809e-09	3.791580e-19	-6.545277e-21	1.420460e-21	-5.835047e-21	7.255507e-21
13            	1.762710e+00	8.813549e-01	8.813549e-01	3.030346e-06	1.519649e-06	1.510697e-06	4.475738e-09	3.735167e-19	-6.563496e-21	1.739831e-21	-5.693581e-21	7.433412e-21
13.5          	1.798192e+00	8.990961e-01	8.990961e-01	2.914880e-06	1.457699e-06	1.457180e-06	2.595058e-10	3.776459e-19	-6.517439e-21	2.066660e-21	-5.484109e-21	7.550769e-21
14            	1.795347e+00	8.976737e-01	8.976737e-01	3.833223e-06	1.897932e-06	1.935290e-06	-1.867901e-08	3.823284e-19	-6.460108e-21	2.160663e-21	-5.379776e-21	7.540439e-21
14.5          	1.738205e+00	8.691027e-01	8.691027e-01	4.613599e-06	2.308096e-06	2.305503e-06	1.296574e-09	3.801507e-19	-6.413854e-21	2.009162e-21	-5.409273e-21	7.418435e-21
15            	1.671902e+00	8.359508e-01	8.359508e-01	5.512135e-06	2.748559e-06	2.763576e-06	-7.508325e-09	3.707288e-19	-6.363522e-21	1.943591e-21	-5.391727e-21	7.335318e-21
15.5          	1.643588e+00	8.217941e-01	8.217941e-01	4.996626e-06	2.494468e-06	2.502158e-06	-3.845107e-09	3.612374e-19	-6.310712e-21	2.071341e-21	-5.275041e-21	7.346382e-21
16            	1.656877e+00	8.284384e-01	8.284384e-01	5.728456e-06	2.848167e-06	2.880289e-06	-1.606124e-08	3.598842e-19	-6.266791e-21	2.348638e-21	-5.092473e-21	7.441110e-21
16.5          	1.679718e+00	8.398589e-01	8.398589e-01	5.950020e-06	2.966762e-06	2.983258e-06	-8.247945e-09	3.634919e-19	-6.228930e-21	2.600472e-21	-4.928694e-21	7.529165e-21
17            	1.673916e+00	8.369579e-01	8.369579e-01	5.929308e-06	2.945905e-06	2.983403e-06	-1.874863e-08	3.669516e-19	-6.201900e-21	2.664531e-21	-4.869634e-21	7.534166e-21
17.5          	1.637954e+00	8.189769e-01	8.189769e-01	5.972017e-06	2.981981e-06	2.990036e-06	-4.027335e-09	3.647364e-19	-6.175854e-21	2.596117e-21	-4.877796e-21	7.473913e-21
18            	1.596765e+00	7.983824e-01	7.983824e-01	7.079404e-06	3.538611e-06	3.540793e-06	-1.090806e-09	3.576213e-19	-6.129711e-21	2.584282e-21	-4.837570e-21	7.421852e-21
18.5          	1.580982e+00	7.904909e-01	7.904909e-01	4.857525e-06	2.419416e-06	2.438109e-06	-9.346353e-09	3.510558e-19	-6.077897e-21	2.729814e-21	-4.712990e-21	7.442804e-21
19            	1.591630e+00	7.958152e-01	7.958152e-01	3.051080e-06	1.506789e-06	1.544292e-06	-1.875132e-08	3.489313e-19	-6.042911e-21	2.932409e-21	-4.576706e-21	7.509115e-21
19.5          	1.603526e+00	8.017632e-01	8.017632e-01	1.719489e-06	8.478465e-07	8.716427e-07	-1.189809e-08	3.503976e-19	-6.024148e-21	3.085507e-21	-4.481394e-21	7.566901e-21
20            	1.598043e+00	7.990217e-01	7.990217e-01	-1.584825e-06	-8.164823e-07	-7.683425e-07	-2.406988e-08	3.515532e-19	-6.022572e-21	3.106471e-21	-4.469337e-21	7.575807e-21
20.5          	1.574452e+00	7.872261e-01	7.872261e-01	-1.154885e-06	-6.227969e-07	-5.320883e-07	-4.535432e-08	3.491029e-19	-6.026456e-21	3.057280e-21	-4.497816e-21	7.555097e-21
21            	1.550066e+00	7.750330e-01	7.750330e-01	-3.527562e-06	-1.796592e-06	-1.730970e-06	-3.281121e-08	3.438974e-19	-6.026710e-21	3.038071e-21	-4.507674e-21	7.545745e-21
21.5          	1.539455e+00	7.697276e-01	7.697276e-01	-6.589897e-06	-3.303933e-06	-3.285965e-06	-8.983942e-09	3.386666e-19	-6.016329e-21	3.112824e-21	-4.459917e-21	7.572741e-21
22            	1.544476e+00	7.722379e-01	7.722379e-01	-8.911883e-06	-4.488611e-06	-4.423272e-06	-3.266928e-08	3.358829e-19	-6.006131e-21	3.235429e-21	-4.388416e-21	7.623845e-21
22.5          	1.550160e+00	7.750802e-01	7.750802e-01	-8.739888e-06	-4.407884e-06	-4.332004e-06	-3.793982e-08	3.354644e-19	-5.997042e-21	3.342157e-21	-4.325964e-21	7.668121e-21
23            	1.546575e+00	7.732876e-01	7.732876e-01	-1.515735e-05	-7.642112e-06	-7.515242e-06	-6.343467e-08	3.357015e-19	-5.998516e-21	3.360083e-21	-4.318474e-21	7.678557e-21
23.5          	1.530433e+00	7.652163e-01	7.652163e-01	-1.745107e-05	-8.765533e-06	-8.685534e-06	-3.999978e-08	3.338278e-19	-6.003808e-21	3.327586e-21	-4.340015e-21	7.667601e-21
24            	1.512297e+00	7.561486e-01	7.561486e-01	-2.074521e-05	-1.037962e-05	-1.036559e-05	-7.015598e-09	3.301795e-19	-6.004875e-21	3.318507e-21	-4.345621e-21	7.664129e-21
24.5          	1.502746e+00	7.513730e-01	7.513730e-01	-2.200801e-05	-1.100364e-05	-1.100436e-05	3.601435e-10	3.262514e-19	-5.998871e-21	3.372121e-21	-4.312811e-21	7.684932e-21
25            	1.502959e+00	7.514793e-01	7.514793e-01	-2.383243e-05	-1.189556e-05	-1.193687e-05	2.065310e-08	3.238334e-19	-5.988992e-21	3.473447e-21	-4.252268e-21	7.725716e-21
25.5          	1.505108e+00	7.525539e-01	7.525539e-01	-2.490375e-05	-1.242519e-05	-1.247856e-05	2.668111e-08	3.233985e-19	-5.980763e-21	3.555099e-21	-4.203214e-21	7.758312e-21
26            	1.499787e+00	7.498936e-01	7.498936e-01	-2.521660e-05	-1.254999e-05	-1.266661e-05	5.831209e-08	3.234452e-19	-5.974751e-21	3.581412e-21	-4.184045e-21	7.765457e-21
26.5          	1.486150e+00	7.430748e-01	7.430748e-01	-2.264989e-05	-1.124372e-05	-1.140616e-05	8.122068e-08	3.224935e-19	-5.969528e-21	3.575760e-21	-4.181648e-21	7.757408e-21
27            	1.470805e+00	7.354024e-01	7.354024e-01	-1.940380e-05	-9.607026e-06	-9.796778e-06	9.487630e-08	3.200330e-19	-5.961584e-21	3.579452e-21	-4.171858e-21	7.751311e-21
27.5          	1.461421e+00	7.307103e-01	7.307103e-01	-1.499257e-05	-7.400998e-06	-7.591577e-06	9.528944e-08	3.171058e-19	-5.951880e-21	3.628890e-21	-4.137435e-21	7.766325e-21
28            	1.459897e+00	7.299486e-01	7.299486e-01	-9.554984e-06	-4.660620e-06	-4.894364e-06	1.168722e-07	3.150328e-19	-5.942220e-21	3.713713e-21	-4.085363e-21	7.799076e-21
28.5          	1.460777e+00	7.303885e-01	7.303885e-01	-1.342873e-06	-5.446330e-07	-7.982404e-07	1.268037e-07	3.144033e-19	-5.932222e-21	3.788677e-21	-4.037883e-21	7.826560e-21
29            	1.457308e+00	7.286540e-01	7.286540e-01	7.995815e-06	4.103167e-06	3.892649e-06	1.052590e-07	3.145027e-19	-5.924725e-21	3.827005e-21	-4.011222e-21	7.838228e-21
29.5          	1.447136e+00	7.235678e-01	7.235678e-01	1.843336e-05	9.324196e-06	9.109161e-06	1.075174e-07	3.140941e-19	-5.916948e-21	3.830348e-21	-4.001774e-21	7.832121e-21
30            	1.434382e+00	7.171911e-01	7.171911e-01	3.257086e-05	1.639369e-05	1.617717e-05	1.082571e-07	3.124730e-19	-5.909877e-21	3.831940e-21	-3.993907e-21	7.825847e-21
30.5          	1.424864e+00	7.124322e-01	7.124322e-01	4.624022e-05	2.320304e-05	2.303718e-05	8.292792e-08	3.101430e-19	-5.901075e-21	3.866253e-21	-3.967949e-21	7.834202e-21
31            	1.421259e+00	7.106296e-01	7.106296e-01	5.885564e-05	2.948786e-05	2.936777e-05	6.004445e-08	3.082017e-19	-5.890526e-21	3.934536e-21	-3.923258e-21	7.857794e-21
31.5          	1.421455e+00	7.107276e-01	7.107276e-01	7.653657e-05	3.827899e-05	3.825758e-05	1.070210e-08	3.072451e-19	-5.881198e-21	4.000352e-21	-3.881022e-21	7.881374e-21
32            	1.420216e+00	7.101079e-01	7.101079e-01	9.126970e-05	4.560535e-05	4.566435e-05	-2.949886e-08	3.070579e-19	-5.874497e-21	4.044297e-21	-3.852348e-21	7.896645e-21
32.5          	1.414351e+00	7.071756e-01	7.071756e-01	1.069416e-04	5.341706e-05	5.352450e-05	-5.372130e-08	3.068262e-19	-5.871707e-21	4.055978e-21	-3.843717e-21	7.899696e-21
33            	1.404504e+00	7.022522e-01	7.022522e-01	1.211948e-04	6.047405e-05	6.072079e-05	-1.233691e-07	3.058726e-19	-5.869514e-21	4.054273e-21	-3.842377e-21	7.896650e-21
33.5          	1.395694e+00	6.978469e-01	6.978469e-01	1.343361e-04	6.698266e-05	6.735342e-05	-1.853816e-07	3.041906e-19	-5.866691e-21	4.066107e-21	-3.833638e-21	7.899745e-21
34            	1.390672e+00	6.953359e-01	6.953359e-01	1.427763e-04	7.113161e-05	7.164471e-05	-2.565536e-07	3.024201e-19	-5.862390e-21	4.114897e-21	-3.804942e-21	7.919838e-21
34.5          	1.389772e+00	6.948859e-01	6.948859e-01	1.552377e-04	7.726266e-05	7.797502e-05	-3.561796e-07	3.012642e-19	-5.857689e-21	4.167026e-21	-3.774176e-21	7.941202e-21
35            	1.389078e+00	6.945390e-01	6.945390e-01	1.484251e-04	7.373937e-05	7.468569e-05	-4.731633e-07	3.008265e-19	-5.854716e-21	4.208045e-21	-3.750694e-21	7.958739e-21
35.5          	1.385351e+00	6.926754e-01	6.926754e-01	1.384836e-04	6.871154e-05	6.977205e-05	-5.302532e-07	3.005211e-19	-5.852810e-21	4.226537e-21	-3.739541e-21	7.966078e-21
36            	1.377925e+00	6.889623e-01	6.889623e-01	1.233301e-04	6.104397e-05	6.228618e-05	-6.211054e-07	2.999113e-19	-5.850637e-21	4.228791e-21	-3.736241e-21	7.965032e-21
36.5          	1.369745e+00	6.848725e-01	6.848725e-01	9.635729e-05	4.750169e-05	4.885560e-05	-6.769530e-07	2.987474e-19	-5.847105e-21	4.237007e-21	-3.728601e-21	7.965608e-21
37            	1.364312e+00	6.821561e-01	6.821561e-01	6.956360e-05	3.401724e-05	3.554635e-05	-7.645536e-07	2.972878e-19	-5.841782e-21	4.262286e-21	-3.710639e-21	7.972925e-21
37.5          	1.362011e+00	6.810056e-01	6.810056e-01	2.657051e-05	1.244322e-05	1.412729e-05	-8.420321e-07	2.960291e-19	-5.834605e-21	4.315598e-21	-3.676806e-21	7.992404e-21
38            	1.361321e+00	6.806604e-01	6.806604e-01	-2.293742e-05	-1.234705e-05	-1.059037e-05	-8.783431e-07	2.953924e-19	-5.827672e-21	4.359693e-21	-3.647825e-21	8.007518e-21
38.5          	1.359179e+00	6.795894e-01	6.795894e-01	-8.163487e-05	-4.169028e-05	-3.994460e-05	-8.728406e-07	2.950513e-19	-5.821199e-21	4.391364e-21	-3.625517e-21	8.016881e-21
39            	1.354021e+00	6.770107e-01	6.770107e-01	-1.510774e-04	-7.638030e-05	-7.469707e-05	-8.416170e-07	2.946398e-19	-5.814313e-21	4.404935e-21	-3.611846e-21	8.016781e-21
39.5          	1.347289e+00	6.736443e-01	6.736443e-01	-2.369020e-04	-1.192015e-04	-1.177005e-04	-7.504818e-07	2.938287e-19	-5.805484e-21	4.417957e-21	-3.596505e-21	8.014462e-21
40            	1.341376e+00	6.706878e-01	6.706878e-01	-3.195181e-04	-1.603820e-04	-1.591362e-04	-6.229147e-07	2.926576e-19	-5.793461e-21	4.446953e-21	-3.569984e-21	8.016937e-21
40.5          	1.338377e+00	6.691887e-01	6.691887e-01	-4.227743e-04	-2.118469e-04	-2.109274e-04	-4.597425e-07	2.914488e-19	-5.779812e-21	4.488007e-21	-3.535809e-21	8.023815e-21
41            	1.337137e+00	6.685685e-01	6.685685e-01	-5.082637e-04	-2.543403e-04	-2.539234e-04	-2.084350e-07	2.906172e-19	-5.766254e-21	4.540010e-21	-3.496249e-21	8.036259e-21
41.5          	1.335849e+00	6.679245e-01	6.679245e-01	-6.085492e-04	-3.042195e-04	-3.043298e-04	5.514099e-08	2.901543e-19	-5.753834e-21	4.581644e-21	-3.463012e-21	8.044656e-21
42            	1.332453e+00	6.662263e-01	6.662263e-01	-6.875859e-04	-3.434109e-04	-3.441750e-04	3.820564e-07	2.898313e-19	-5.740528e-21	4.608752e-21	-3.436152e-21	8.044904e-21
42.5          	1.327342e+00	6.636708e-01	6.636708e-01	-7.880708e-04	-3.932915e-04	-3.947793e-04	7.438523e-07	2.892642e-19	-5.729554e-21	4.625267e-21	-3.416920e-21	8.042187e-21
43            	1.322124e+00	6.610620e-01	6.610620e-01	-8.661447e-04	-4.319076e-04	-4.342371e-04	1.164748e-06	2.883748e-19	-5.717613e-21	4.643217e-21	-3.396004e-21	8.039221e-21
43.5          	1.318159e+00	6.590793e-01	6.590793e-01	-9.283531e-04	-4.625113e-04	-4.658418e-04	1.665266e-06	2.873407e-19	-5.703529e-21	4.676553e-21	-3.365253e-21	8.041806e-21
44            	1.316174e+00	6.580868e-01	6.580868e-01	-9.653487e-04	-4.804657e-04	-4.848830e-04	2.208641e-06	2.864520e-19	-5.690859e-21	4.711931e-21	-3.334894e-21	8.046825e-21
44.5          	1.314960e+00	6.574802e-01	6.574802e-01	-9.701812e-04	-4.823053e-04	-4.878759e-04	2.785273e-06	2.858514e-19	-5.681375e-21	4.742623e-21	-3.310063e-21	8.052686e-21
45            	1.312782e+00	6.563908e-01	6.563908e-01	-9.658715e-04	-4.796094e-04	-4.862622e-04	3.326403e-06	2.854495e-19	-5.676142e-21	4.766597e-21	-3.292843e-21	8.059440e-21
45.5          	1.309246e+00	6.546231e-01	6.546231e-01	-9.050515e-04	-4.486483e-04	-4.564032e-04	3.877486e-06	2.850238e-19	-5.672650e-21	4.775742e-21	-3.284779e-21	8.060521e-21
46            	1.304950e+00	6.524751e-01	6.524751e-01	-8.154206e-04	-4.032899e-04	-4.121308e-04	4.420460e-06	2.843929e-19	-5.674741e-21	4.773972e-21	-3.287755e-21	8.061727e-21
46.5          	1.301007e+00	6.505035e-01	6.505035e-01	-6.530453e-04	-3.216552e-04	-3.313901e-04	4.867450e-06	2.835672e-19	-5.680418e-21	4.771874e-21	-3.294481e-21	8.066355e-21
47            	1.298194e+00	6.490969e-01	6.490969e-01	-4.396774e-04	-2.145745e-04	-2.251029e-04	5.264193e-06	2.827181e-19	-5.689058e-21	4.773914e-21	-3.302101e-21	8.076015e-21
47.5          	1.296458e+00	6.482292e-01	6.482292e-01	-1.658951e-04	-7.741177e-05	-8.848335e-05	5.535792e-06	2.820238e-19	-5.704911e-21	4.767067e-21	-3.321377e-21	8.088444e-21
48            	1.294846e+00	6.474231e-01	6.474231e-01	1.864498e-04	9.887317e-05	8.757668e-05	5.648241e-06	2.815313e-19	-5.725550e-21	4.752477e-21	-3.349312e-21	8.101788e-21
48.5          	1.292499e+00	6.462497e-01	6.462497e-01	5.967091e-04	3.038804e-04	2.928287e-04	5.525819e-06	2.811380e-19	-5.754217e-21	4.724183e-21	-3.392125e-21	8.116308e-21
49            	1.288981e+00	6.444904e-01	6.444904e-01	1.051416e-03	5.308978e-04	5.205179e-04	5.189962e-06	2.806960e-19	-5.791407e-21	4.682962e-21	-3.449925e-21	8.132888e-21
49.5          	1.285571e+00	6.427854e-01	6.427854e-01	1.565473e-03	7.874599e-04	7.780129e-04	4.723503e-06	2.800719e-19	-5.832598e-21	4.635118e-21	-3.515039e-21	8.150157e-21
50            	1.282570e+00	6.412851e-01	6.412851e-01	2.150986e-03	1.079507e-03	1.071480e-03	4.013597e-06	2.793673e-19	-5.879898e-21	4.587500e-21	-3.586148e-21	8.173648e-21
50.5          	1.280386e+00	6.401928e-01	6.401928e-01	2.769684e-03	1.387795e-03	1.381889e-03	2.952937e-06	2.786979e-19	-5.934605e-21	4.534056e-21	-3.667577e-21	8.201633e-21
51            	1.278466e+00	6.392328e-01	6.392328e-01	3.420385e-03	1.711681e-03	1.708704e-03	1.488341e-06	2.781426e-19	-5.994164e-21	4.481979e-21	-3.753175e-21	8.235154e-21
51.5          	1.276517e+00	6.382585e-01	6.382585e-01	4.099919e-03	2.049642e-03	2.050278e-03	-3.180264e-07	2.776907e-19	-6.058764e-21	4.420686e-21	-3.848421e-21	8.269107e-21
52            	1.273996e+00	6.369980e-01	6.369980e-01	4.787162e-03	2.391178e-03	2.395984e-03	-2.402856e-06	2.772733e-19	-6.124911e-21	4.357039e-21	-3.946392e-21	8.303431e-21
52.5          	1.271052e+00	6.355260e-01	6.355260e-01	5.429901e-03	2.710207e-03	2.719694e-03	-4.743592e-06	2.767838e-19	-6.196202e-21	4.285610e-21	-4.053397e-21	8.339007e-21
53            	1.268218e+00	6.341090e-01	6.341090e-01	6.039637e-03	3.012425e-03	3.027212e-03	-7.393358e-06	2.762152e-19	-6.262744e-21	4.223844e-21	-4.150821e-21	8.374666e-21
53.5          	1.265721e+00	6.328606e-01	6.328606e-01	6.511459e-03	3.245384e-03	3.266075e-03	-1.034531e-05	2.756170e-19	-6.324412e-21	4.178887e-21	-4.234968e-21	8.413855e-21
54            	1.263593e+00	6.317967e-01	6.317967e-01	6.919575e-03	3.446174e-03	3.473401e-03	-1.361339e-05	2.750523e-19	-6.379360e-21	4.149995e-21	-4.304363e-21	8.454358e-21
54.5          	1.261821e+00	6.309103e-01	6.309103e-01	7.181021e-03	3.573357e-03	3.607664e-03	-1.715374e-05	2.745593e-19	-6.421839e-21	4.132877e-21	-4.355401e-21	8.488278e-21
55            	1.259838e+00	6.299191e-01	6.299191e-01	7.258961e-03	3.608633e-03	3.650328e-03	-2.084732e-05	2.741204e-19	-6.452393e-21	4.142236e-21	-4.381275e-21	8.523511e-21
55.5          	1.257365e+00	6.286825e-01	6.286825e-01	7.085759e-03	3.518251e-03	3.567508e-03	-2.462868e-05	2.736855e-19	-6.467560e-21	4.177266e-21	-4.378927e-21	8.556193e-21
56            	1.254777e+00	6.273883e-01	6.273883e-01	6.595004e-03	3.269178e-03	3.325826e-03	-2.832370e-05	2.732115e-19	-6.464458e-21	4.230772e-21	-4.349072e-21	8.579844e-21
56.5          	1.252241e+00	6.261204e-01	6.261204e-01	5.887506e-03	2.911995e-03	2.975511e-03	-3.175798e-05	2.726919e-19	-6.438101e-21	4.318807e-21	-4.278698e-21	8.597504e-21
57            	1.250042e+00	6.250210e-01	6.250210e-01	4.844825e-03	2.387493e-03	2.457333e-03	-3.492008e-05	2.721601e-19	-6.383698e-21	4.445066e-21	-4.161165e-21	8.606231e-21
57.5          	1.248198e+00	6.240992e-01	6.240992e-01	3.393698e-03	1.659194e-03	1.734505e-03	-3.765555e-05	2.716653e-19	-6.290156e-21	4.619400e-21	-3.980456e-21	8.599856e-21
58            	1.246370e+00	6.231849e-01	6.231849e-01	1.559194e-03	7.398696e-04	8.193246e-04	-3.972748e-05	2.712239e-19	-6.158823e-21	4.842286e-21	-3.737679e-21	8.579966e-21
58.5          	1.244350e+00	6.221751e-01	6.221751e-01	-7.215675e-04	-4.015335e-04	-3.200339e-04	-4.074980e-05	2.708163e-19	-5.980600e-21	5.121796e-21	-3.419703e-21	8.541498e-21
59            	1.242047e+00	6.210235e-01	6.210235e-01	-3.416254e-03	-1.748377e-03	-1.667877e-03	-4.024984e-05	2.703940e-19	-5.762386e-21	5.447168e-21	-3.038801e-21	8.485970e-21
59.5          	1.239639e+00	6.198197e-01	6.198197e-01	-6.570409e-03	-3.323261e-03	-3.247147e-03	-3.805693e-05	2.699365e-19	-5.499450e-21	5.822146e-21	-2.588377e-21	8.410523e-21
60            	1.237278e+00	6.186392e-01	6.186392e-01	-1.015998e-02	-5.113730e-03	-5.046246e-03	-3.374200e-05	2.694509e-19	-5.189088e-21	6.251250e-21	-2.063463e-21	8.314713e-21
60.5          	1.235204e+00	6.176022e-01	6.176022e-01	-1.418926e-02	-7.121580e-03	-7.067685e-03	-2.694785e-05	2.689790e-19	-4.829124e-21	6.723397e-21	-1.467426e-21	8.190823e-21
61            	1.233284e+00	6.166422e-01	6.166422e-01	-1.853731e-02	-9.286639e-03	-9.250668e-03	-1.798524e-05	2.685637e-19	-4.438025e-21	7.215185e-21	-8.304330e-22	8.045618e-21
61.5          	1.231440e+00	6.157201e-01	6.157201e-01	-2.312485e-02	-1.157004e-02	-1.155481e-02	-7.618206e-06	2.681866e-19	-4.005615e-21	7.739516e-21	-1.358566e-22	7.875373e-21
62            	1.229479e+00	6.147393e-01	6.147393e-01	-2.785752e-02	-1.392485e-02	-1.393267e-02	3.907940e-06	2.678205e-19	-3.538221e-21	8.288208e-21	6.058829e-22	7.682325e-21
62.5          	1.227418e+00	6.137088e-01	6.137088e-01	-3.261551e-02	-1.629133e-02	-1.632418e-02	1.642743e-05	2.674249e-19	-3.041493e-21	8.857627e-21	1.387321e-21	7.470306e-21
63            	1.225366e+00	6.126829e-01	6.126829e-01	-3.729847e-02	-1.861956e-02	-1.867891e-02	2.967401e-05	2.669831e-19	-2.532044e-21	9.430259e-21	2.183085e-21	7.247174e-21
63.5          	1.223515e+00	6.117573e-01	6.117573e-01	-4.170653e-02	-2.080963e-02	-2.089691e-02	4.364004e-05	2.665187e-19	-2.025221e-21	9.979397e-21	2.964477e-21	7.014920e-21
64            	1.221770e+00	6.108848e-01	6.108848e-01	-4.564563e-02	-2.276464e-02	-2.288099e-02	5.817354e-05	2.660576e-19	-1.535297e-21	1.048992e-20	3.709663e-21	6.780257e-21
64.5          	1.220129e+00	6.100646e-01	6.100646e-01	-4.908657e-02	-2.446997e-02	-2.461660e-02	7.331840e-05	2.656415e-19	-1.075870e-21	1.095043e-20	4.399342e-21	6.551083e-21
65            	1.218431e+00	6.092157e-01	6.092157e-01	-5.177125e-02	-2.579558e-02	-2.597567e-02	9.004276e-05	2.652566e-19	-6.684701e-22	1.131577e-20	4.989413e-21	6.326353e-21
65.5          	1.216540e+00	6.082700e-01	6.082700e-01	-5.347362e-02	-2.662783e-02	-2.684578e-02	1.089768e-04	2.648802e-19	-3.162298e-22	1.159086e-20	5.479201e-21	6.111661e-21
66            	1.214597e+00	6.072985e-01	6.072985e-01	-5.379642e-02	-2.676772e-02	-2.702870e-02	1.304902e-04	2.644787e-19	-6.901670e-23	1.170784e-20	5.784902e-21	5.922936e-21
66.5          	1.212789e+00	6.063946e-01	6.063946e-01	-5.270653e-02	-2.619884e-02	-2.650769e-02	1.544223e-04	2.640547e-19	5.100635e-23	1.163440e-20	5.868208e-21	5.766195e-21
67            	1.211185e+00	6.055927e-01	6.055927e-01	-4.977880e-02	-2.470911e-02	-2.506969e-02	1.802917e-04	2.636208e-19	2.702701e-23	1.134342e-20	5.698739e-21	5.644685e-21
67.5          	1.209838e+00	6.049189e-01	6.049189e-01	-4.478754e-02	-2.218599e-02	-2.260155e-02	2.077794e-04	2.632145e-19	-1.635216e-22	1.082111e-20	5.247033e-21	5.574076e-21
68            	1.208598e+00	6.042990e-01	6.042990e-01	-3.756400e-02	-1.854530e-02	-1.901870e-02	2.366977e-04	2.628296e-19	-5.433942e-22	1.002957e-20	4.471390e-21	5.558178e-21
68.5          	1.207261e+00	6.036307e-01	6.036307e-01	-2.784511e-02	-1.365635e-02	-1.418877e-02	2.662107e-04	2.624531e-19	-1.136244e-21	8.945592e-21	3.336552e-21	5.609040e-21
69            	1.205793e+00	6.028967e-01	6.028967e-01	-1.534501e-02	-7.377462e-03	-7.967543e-03	2.950404e-04	2.620628e-19	-1.981888e-21	7.532403e-21	1.784314e-21	5.748090e-21
69.5          	1.204202e+00	6.021009e-01	6.021009e-01	-1.707692e-05	3.132874e-04	-3.303643e-04	3.218259e-04	2.616424e-19	-3.095485e-21	5.775925e-21	-2.075219e-22	5.983447e-21
70            	1.202734e+00	6.013668e-01	6.013668e-01	1.825206e-02	9.470739e-03	8.781316e-03	3.447114e-04	2.612182e-19	-4.503003e-21	3.648436e-21	-2.678786e-21	6.327221e-21
70.5          	1.201359e+00	6.006796e-01	6.006796e-01	3.930165e-02	2.001197e-02	1.928968e-02	3.611434e-04	2.608022e-19	-6.202431e-21	1.168929e-21	-5.617967e-21	6.786896e-21
71            	1.200129e+00	6.000643e-01	6.000643e-01	6.372729e-02	3.223496e-02	3.149233e-02	3.713147e-04	2.604300e-19	-8.206898e-21	-1.650888e-21	-9.032342e-21	7.381454e-21
71.5          	1.199122e+00	5.995610e-01	5.995610e-01	9.075589e-02	4.574872e-02	4.500717e-02	3.707721e-04	2.600952e-19	-1.049588e-20	-4.780189e-21	-1.288598e-20	8.105791e-21
72            	1.198227e+00	5.991137e-01	5.991137e-01	1.203511e-01	6.053277e-02	5.981833e-02	3.572222e-04	2.598156e-19	-1.306820e-20	-8.205027e-21	-1.717071e-20	8.965687e-21
72.5          	1.197615e+00	5.988075e-01	5.988075e-01	1.523081e-01	7.648093e-02	7.582721e-02	3.268620e-04	2.595404e-19	-1.593167e-20	-1.188027e-20	-2.187181e-20	9.991540e-21
73            	1.197295e+00	5.986475e-01	5.986475e-01	1.858495e-01	9.320254e-02	9.264700e-02	2.777702e-04	2.592554e-19	-1.903408e-20	-1.571618e-20	-2.689217e-20	1.117599e-20
73.5          	1.197420e+00	5.987098e-01	5.987098e-01	2.200145e-01	1.102164e-01	1.097981e-01	2.091368e-04	2.589501e-19	-2.228033e-20	-1.957895e-20	-3.206980e-20	1.249085e-20
74            	1.198227e+00	5.991134e-01	5.991134e-01	2.541047e-01	1.271733e-01	1.269314e-01	1.209639e-04	2.586447e-19	-2.566442e-20	-2.344690e-20	-3.738787e-20	1.394097e-20
74.5          	1.199750e+00	5.998749e-01	5.998749e-01	2.871572e-01	1.435939e-01	1.435632e-01	1.533814e-05	2.583812e-19	-2.915411e-20	-2.724989e-20	-4.277906e-20	1.552916e-20
75            	1.201718e+00	6.008591e-01	6.008591e-01	3.181897e-01	1.589914e-01	1.591984e-01	-1.034985e-04	2.581110e-19	-3.261855e-20	-3.080205e-20	-4.801957e-20	1.721752e-20
75.5          	1.203930e+00	6.019651e-01	6.019651e-01	3.458677e-01	1.727009e-01	1.731668e-01	-2.329281e-04	2.578380e-19	-3.593012e-20	-3.394080e-20	-5.290052e-20	1.895972e-20
76            	1.206498e+00	6.032488e-01	6.032488e-01	3.686012e-01	1.839299e-01	1.846713e-01	-3.706995e-04	2.575563e-19	-3.896063e-20	-3.649698e-20	-5.720912e-20	2.071214e-20
76.5          	1.209179e+00	6.045894e-01	6.045894e-01	3.852734e-01	1.921226e-01	1.931507e-01	-5.140436e-04	2.572242e-19	-4.154027e-20	-3.825973e-20	-6.067013e-20	2.241040e-20
77            	1.212350e+00	6.061749e-01	6.061749e-01	3.950299e-01	1.968558e-01	1.981741e-01	-6.591777e-04	2.568232e-19	-4.369093e-20	-3.921485e-20	-6.329835e-20	2.408350e-20
77.5          	1.215733e+00	6.078665e-01	6.078665e-01	3.949689e-01	1.966609e-01	1.983080e-01	-8.235502e-04	2.563962e-19	-4.496420e-20	-3.892139e-20	-6.442489e-20	2.550350e-20
78            	1.219212e+00	6.096061e-01	6.096061e-01	3.843434e-01	1.911708e-01	1.931726e-01	-1.000917e-03	2.559884e-19	-4.550350e-20	-3.753988e-20	-6.427344e-20	2.673356e-20
78.5          	1.222705e+00	6.113525e-01	6.113525e-01	3.626133e-01	1.801184e-01	1.824950e-01	-1.188302e-03	2.555881e-19	-4.514636e-20	-3.491711e-20	-6.260492e-20	2.768781e-20
79            	1.226085e+00	6.130427e-01	6.130427e-01	3.273447e-01	1.622879e-01	1.650568e-01	-1.384477e-03	2.551494e-19	-4.373820e-20	-3.085037e-20	-5.916338e-20	2.831301e-20
79.5          	1.229778e+00	6.148889e-01	6.148889e-01	2.783829e-01	1.376008e-01	1.407820e-01	-1.590600e-03	2.547171e-19	-4.131453e-20	-2.541982e-20	-5.402444e-20	2.860462e-20
80            	1.233489e+00	6.167445e-01	6.167445e-01	2.148616e-01	1.056225e-01	1.092390e-01	-1.808249e-03	2.542117e-19	-3.777703e-20	-1.847227e-20	-4.701317e-20	2.854090e-20
80.5          	1.237358e+00	6.186791e-01	6.186791e-01	1.357521e-01	6.585975e-02	6.989230e-02	-2.016276e-03	2.537396e-19	-3.314744e-20	-9.999624e-21	-3.814725e-20	2.814763e-20
81            	1.242571e+00	6.212857e-01	6.212857e-01	4.119240e-02	1.841436e-02	2.277804e-02	-2.181841e-03	2.532458e-19	-2.741086e-20	-1.140375e-22	-2.746787e-20	2.735384e-20
81.5          	1.249428e+00	6.247142e-01	6.247142e-01	-6.941051e-02	-3.697988e-02	-3.243062e-02	-2.274629e-03	2.529329e-19	-2.065334e-20	1.100622e-20	-1.515023e-20	2.615645e-20
82            	1.258935e+00	6.294674e-01	6.294674e-01	-1.949163e-01	-9.972249e-02	-9.519378e-02	-2.264351e-03	2.526998e-19	-1.289085e-20	2.316305e-20	-1.309326e-21	2.447237e-20
82.5          	1.271988e+00	6.359942e-01	6.359942e-01	-3.346035e-01	-1.694178e-01	-1.651857e-01	-2.116013e-03	2.527633e-19	-4.212160e-21	3.620274e-20	1.388921e-20	2.231353e-20
83            	1.290262e+00	6.451308e-01	6.451308e-01	-4.867186e-01	-2.451513e-01	-2.415673e-01	-1.792032e-03	2.530974e-19	5.494922e-21	4.982851e-20	3.040918e-20	1.941933e-20
83.5          	1.314194e+00	6.570968e-01	6.570968e-01	-6.446568e-01	-3.235938e-01	-3.210630e-01	-1.265378e-03	2.538404e-19	1.572895e-20	6.342817e-20	4.744304e-20	1.598514e-20
84            	1.346579e+00	6.732895e-01	6.732895e-01	-8.074829e-01	-4.042787e-01	-4.032042e-01	-5.372518e-04	2.552684e-19	2.643911e-20	7.679280e-20	6.483551e-20	1.195728e-20
84.5          	1.388749e+00	6.943744e-01	6.943744e-01	-9.689390e-01	-4.840682e-01	-4.848708e-01	4.013055e-04	2.579233e-19	3.706113e-20	8.935909e-20	8.174067e-20	7.618413e-21
85            	1.441847e+00	7.209237e-01	7.209237e-01	-1.123600e+00	-5.602723e-01	-5.633274e-01	1.527527e-03	2.620731e-19	4.704802e-20	1.003431e-19	9.721956e-20	3.123530e-21
85.5          	1.506865e+00	7.534327e-01	7.534327e-01	-1.264112e+00	-6.292585e-01	-6.348532e-01	2.797324e-03	2.680367e-19	5.596604e-20	1.092717e-19	1.106019e-19	-1.330174e-21
86            	1.580747e+00	7.903735e-01	7.903735e-01	-1.382453e+00	-6.870513e-01	-6.954018e-01	4.175242e-03	2.756054e-19	6.280753e-20	1.148692e-19	1.202421e-19	-5.372940e-21
86.5          	1.662961e+00	8.314804e-01	8.314804e-01	-1.469347e+00	-7.290496e-01	-7.402972e-01	5.623774e-03	2.842449e-19	6.629463e-20	1.154258e-19	1.240075e-19	-8.581730e-21
87            	1.750680e+00	8.753400e-01	8.753400e-01	-1.518895e+00	-7.523756e-01	-7.665195e-01	7.071924e-03	2.937266e-19	6.586594e-20	1.100664e-19	1.208991e-19	-1.083273e-20
87.5          	1.837701e+00	9.188503e-01	9.188503e-01	-1.522372e+00	-7.527355e-01	-7.696369e-01	8.450720e-03	3.031905e-19	6.117528e-20	9.802455e-20	1.101876e-19	-1.216301e-20
88            	1.919142e+00	9.595712e-01	9.595712e-01	-1.471966e+00	-7.262493e-01	-7.457166e-01	9.733642e-03	3.118005e-19	5.286697e-20	8.028346e-20	9.300870e-20	-1.272524e-20
88.5          	1.984145e+00	9.920725e-01	9.920725e-01	-1.368723e+00	-6.735451e-01	-6.951784e-01	1.081665e-02	3.189193e-19	4.338015e-20	5.970132e-20	7.323081e-20	-1.352949e-20
89            	2.026080e+00	1.013040e+00	1.013040e+00	-1.200959e+00	-5.887946e-01	-6.121642e-01	1.168480e-02	3.232333e-19	3.590744e-20	4.019165e-20	5.600327e-20	-1.581162e-20
89.5          	2.037111e+00	1.018556e+00	1.018556e+00	-9.676387e-01	-4.715655e-01	-4.960731e-01	1.225381e-02	3.231321e-19	3.408101e-20	2.649646e-20	4.732924e-20	-2.083278e-20
90            	2.027377e+00	1.013689e+00	1.013689e+00	-6.534241e-01	-3.141537e-01	-3.392703e-01	1.255830e-02	3.202485e-19	3.876942e-20	2.029006e-20	4.891445e-20	-2.862439e-20
90.5          	1.995954e+00	9.979768e-01	9.979768e-01	-2.454351e-01	-1.101419e-01	-1.352932e-01	1.257566e-02	3.163945e-19	4.476384e-20	1.497710e-20	5.225240e-20	-3.727529e-20
91            	1.988370e+00	9.941852e-01	9.941852e-01	2.484071e-01	1.365531e-01	1.118539e-01	1.234960e-02	3.172058e-19	4.278012e-20	-7.553722e-22	4.240244e-20	-4.315781e-20
91.5          	2.037554e+00	1.018777e+00	1.018777e+00	7.951936e-01	4.092882e-01	3.859054e-01	1.169140e-02	3.274749e-19	2.803015e-20	-3.203941e-20	1.201044e-20	-4.404986e-20
92            	2.171564e+00	1.085782e+00	1.085782e+00	1.324302e+00	6.723874e-01	6.519148e-01	1.023628e-02	3.456943e-19	7.745752e-21	-6.919324e-20	-2.685087e-20	-4.234237e-20
92.5          	2.384680e+00	1.192340e+00	1.192340e+00	1.740998e+00	8.780758e-01	8.629225e-01	7.576661e-03	3.675045e-19	3.603290e-21	-8.565258e-20	-3.922300e-20	-4.642958e-20
93            	2.614119e+00	1.307060e+00	1.307060e+00	1.952086e+00	9.794868e-01	9.725994e-01	3.443735e-03	3.920147e-19	2.516034e-20	-7.042697e-20	-1.005315e-20	-6.037382e-20
93.5          	2.809288e+00	1.404644e+00	1.404644e+00	1.933872e+00	9.651478e-01	9.687247e-01	-1.788461e-03	4.203663e-19	5.687364e-20	-4.037331e-20	3.668699e-20	-7.706030e-20
94            	2.912718e+00	1.456359e+00	1.456359e+00	1.700114e+00	8.428132e-01	8.573005e-01	-7.243610e-03	4.368387e-19	6.672199e-20	-2.866126e-20	5.239136e-20	-8.105263e-20
94.5          	2.898663e+00	1.449332e+00	1.449332e+00	1.282641e+00	6.298881e-01	6.527527e-01	-1.143229e-02	4.291073e-19	3.143947e-20	-6.090719e-20	9.858762e-22	-6.189307e-20
95            	2.807430e+00	1.403715e+00	1.403715e+00	6.968976e-01	3.352272e-01	3.616704e-01	-1.322162e-02	4.168580e-19	-1.898192e-20	-1.004725e-19	-6.921816e-20	-3.125432e-20
95.5          	2.700916e+00	1.350458e+00	1.350458e+00	-2.711054e-02	-2.699648e-02	-1.140631e-04	-1.344121e-02	4.146622e-19	-4.422285e-20	-1.031101e-19	-9.577791e-20	-7.332198e-21
96            	2.640287e+00	1.320144e+00	1.320144e+00	-8.137430e-01	-4.197071e-01	-3.940359e-01	-1.283559e-02	4.239584e-19	-2.009683e-20	-4.535085e-20	-4.277225e-20	-2.578598e-21
96.5          	2.692908e+00	1.346454e+00	1.346454e+00	-1.551395e+00	-7.867024e-01	-7.646927e-01	-1.100483e-02	4.306965e-19	2.562664e-20	3.407544e-20	4.266436e-20	-8.588915e-21
97            	2.834078e+00	1.417039e+00	1.417039e+00	-2.085898e+00	-1.050696e+00	-1.035202e+00	-7.747274e-03	4.317097e-19	3.761470e-20	7.325811e-20	7.424376e-20	-9.856486e-22
97.5          	2.999919e+00	1.499960e+00	1.499960e+00	-2.312175e+00	-1.159252e+00	-1.152924e+00	-3.163880e-03	4.369454e-19	1.434809e-20	6.965764e-20	4.917691e-20	2.048073e-20
98            	3.114236e+00	1.557118e+00	1.557118e+00	-2.230443e+00	-1.112814e+00	-1.117629e+00	2.407264e-03	4.518807e-19	-4.327696e-21	6.407741e-20	2.771101e-20	3.636640e-20
98.5          	3.146994e+00	1.573497e+00	1.573497e+00	-1.900970e+00	-9.424144e-01	-9.585556e-01	8.070630e-03	4.659281e-19	-2.505917e-21	6.831099e-20	3.164958e-20	3.666141e-20
99            	3.084041e+00	1.542020e+00	1.542020e+00	-1.372811e+00	-6.738456e-01	-6.989655e-01	1.255995e-02	4.708751e-19	1.569538e-20	8.027683e-20	5.583379e-20	2.444303e-20
99.5          	2.950075e+00	1.475037e+00	1.475037e+00	-6.983732e-01	-3.341441e-01	-3.642291e-01	1.504253e-02	4.625201e-19	3.619691e-20	8.333538e-20	7.786460e-20	5.470777e-21
100           	2.780807e+00	1.390403e+00	1.390403e+00	1.082007e-01	6.986371e-02	3.833698e-02	1.576336e-02	4.507213e-19	3.931241e-20	5.961567e-20	6.912025e-20	-9.504574e-21
100.5         	2.704802e+00	1.352401e+00	1.352401e+00	1.045998e+00	5.377627e-01	5.082349e-01	1.476391e-02	4.425150e-19	-1.502255e-21	-1.489382e-20	-8.949165e-21	-5.944656e-21
101           	2.821505e+00	1.410753e+00	1.410753e+00	1.965838e+00	9.954218e-01	9.704157e-01	1.250303e-02	4.435068e-19	-5.205262e-20	-1.013444e-19	-1.027248e-19	1.380409e-21
101.5         	3.117603e+00	1.558802e+00	1.558802e+00	2.637104e+00	1.327534e+00	1.309570e+00	8.982330e-03	4.422074e-19	-5.273609e-20	-1.323895e-19	-1.189309e-19	-1.345868e-20
102           	3.435225e+00	1.717613e+00	1.717613e+00	2.895591e+00	1.451401e+00	1.444190e+00	3.605245e-03	4.588478e-19	-5.215600e-21	-1.079981e-19	-5.921466e-20	-4.878346e-20
102.5         	3.636426e+00	1.818213e+00	1.818213e+00	2.747045e+00	1.370581e+00	1.376464e+00	-2.941230e-03	4.950319e-19	4.506388e-20	-7.030237e-20	9.912695e-21	-8.021507e-20
103           	3.648044e+00	1.824022e+00	1.824022e+00	2.297813e+00	1.139950e+00	1.157863e+00	-8.956645e-03	5.191871e-19	5.150527e-20	-6.814537e-20	1.743258e-20	-8.557795e-20
103.5         	3.488872e+00	1.744436e+00	1.744436e+00	1.628750e+00	8.019270e-01	8.268233e-01	-1.244815e-02	5.073657e-19	1.134963e-20	-1.006722e-19	-3.898650e-20	-6.168575e-20
104           	3.219798e+00	1.609899e+00	1.609899e+00	7.646168e-01	3.685439e-01	3.960729e-01	-1.376448e-02	4.754398e-19	-4.829170e-20	-1.391215e-19	-1.178525e-19	-2.126908e-20
104.5         	2.962227e+00	1.481113e+00	1.481113e+00	-3.158698e-01	-1.716467e-01	-1.442231e-01	-1.371182e-02	4.519966e-19	-6.460470e-20	-1.234732e-19	-1.263413e-19	2.868117e-21
105           	2.930335e+00	1.465168e+00	1.465168e+00	-1.527324e+00	-7.771556e-01	-7.501685e-01	-1.349357e-02	4.573824e-19	-1.561559e-23	-2.017765e-20	-1.010444e-20	-1.007321e-20
105.5         	3.207404e+00	1.603702e+00	1.603702e+00	-2.561877e+00	-1.293637e+00	-1.268241e+00	-1.269798e-02	4.554536e-19	2.495932e-20	4.252727e-20	4.622295e-20	-3.695687e-21
106           	3.571529e+00	1.785765e+00	1.785765e+00	-3.120586e+00	-1.569720e+00	-1.550866e+00	-9.426872e-03	4.631673e-19	-4.460783e-20	6.820323e-21	-4.119766e-20	4.801799e-20
106.5         	3.806550e+00	1.903275e+00	1.903275e+00	-3.165589e+00	-1.585699e+00	-1.579890e+00	-2.904607e-03	5.005749e-19	-1.258914e-19	-4.538057e-20	-1.485817e-19	1.032012e-19
107           	3.831979e+00	1.915990e+00	1.915990e+00	-2.855185e+00	-1.422743e+00	-1.432442e+00	4.849705e-03	5.237089e-19	-1.382742e-19	-3.520812e-20	-1.558783e-19	1.206702e-19
107.5         	3.706987e+00	1.853493e+00	1.853493e+00	-2.291951e+00	-1.135912e+00	-1.156039e+00	1.006376e-02	5.094918e-19	-6.963620e-20	4.167105e-20	-4.880068e-20	9.047172e-20
108           	3.483900e+00	1.741950e+00	1.741950e+00	-1.493692e+00	-7.344735e-01	-7.592184e-01	1.237243e-02	4.930401e-19	2.650746e-20	1.301302e-19	9.157253e-20	3.855762e-20
108.5         	3.186778e+00	1.593389e+00	1.593389e+00	-4.578214e-01	-2.159717e-01	-2.418497e-01	1.293899e-02	4.719532e-19	1.023510e-19	1.829416e-19	1.938218e-19	-1.088025e-20
109           	2.997465e+00	1.498732e+00	1.498732e+00	7.906304e-01	4.067701e-01	3.838603e-01	1.145494e-02	4.862339e-19	4.550593e-20	8.362124e-20	8.731655e-20	-3.695309e-21
109.5         	3.105924e+00	1.552962e+00	1.552962e+00	2.060877e+00	1.041136e+00	1.019741e+00	1.069768e-02	4.912935e-19	-6.952252e-20	-7.710499e-20	-1.080750e-19	3.097003e-20
110           	3.491049e+00	1.745525e+00	1.745525e+00	3.018592e+00	1.519371e+00	1.499221e+00	1.007470e-02	4.818461e-19	-6.692715e-20	-1.145575e-19	-1.242059e-19	9.648418e-21
110.5         	3.900039e+00	1.950020e+00	1.950020e+00	3.439035e+00	1.725813e+00	1.713222e+00	6.295558e-03	5.154702e-19	3.131855e-20	-4.808776e-20	7.274672e-21	-5.536243e-20
111           	4.119403e+00	2.059702e+00	2.059702e+00	3.363465e+00	1.681070e+00	1.682394e+00	-6.620591e-04	5.672076e-19	1.288668e-19	2.731483e-20	1.425242e-19	-1.152094e-19
111.5         	4.088524e+00	2.044262e+00	2.044262e+00	2.934074e+00	1.460113e+00	1.473961e+00	-6.923847e-03	5.708902e-19	1.123592e-19	-1.148080e-20	1.066188e-19	-1.180996e-19
112           	3.878512e+00	1.939256e+00	1.939256e+00	2.232201e+00	1.106618e+00	1.125583e+00	-9.482669e-03	5.350647e-19	1.216439e-20	-1.162319e-19	-4.595157e-20	-7.028036e-20
112.5         	3.555573e+00	1.777786e+00	1.777786e+00	1.263732e+00	6.217947e-01	6.419377e-01	-1.007148e-02	4.900494e-19	-1.191677e-19	-2.400586e-19	-2.391971e-19	-8.615880e-22
113           	3.247524e+00	1.623762e+00	1.623762e+00	2.197864e-02	1.896996e-03	2.008164e-02	-9.092322e-03	4.874162e-19	-1.389073e-19	-2.208035e-19	-2.493090e-19	2.850552e-20
113.5         	3.177721e+00	1.588861e+00	1.588861e+00	-1.370099e+00	-6.943901e-01	-6.757092e-01	-9.340442e-03	5.090034e-19	2.605788e-21	-2.584741e-20	-1.031792e-20	-1.552950e-20
114           	3.441307e+00	1.720654e+00	1.720654e+00	-2.607253e+00	-1.315103e+00	-1.292150e+00	-1.147687e-02	4.839857e-19	5.360290e-20	6.675863e-20	8.698221e-20	-2.022358e-20
114.5         	3.849364e+00	1.924682e+00	1.924682e+00	-3.334739e+00	-1.678120e+00	-1.656619e+00	-1.075068e-02	4.805509e-19	-5.220887e-20	-5.886845e-21	-5.515229e-20	4.926545e-20
115           	4.119371e+00	2.059685e+00	2.059685e+00	-3.491306e+00	-1.750963e+00	-1.740342e+00	-5.310473e-03	5.357054e-19	-1.893139e-19	-1.150132e-19	-2.468205e-19	1.318073e-19
115.5         	4.134228e+00	2.067114e+00	2.067114e+00	-3.218523e+00	-1.607571e+00	-1.610952e+00	1.690332e-03	5.541780e-19	-2.044949e-19	-9.524120e-20	-2.521155e-19	1.568743e-19
116           	3.971767e+00	1.985884e+00	1.985884e+00	-2.617696e+00	-1.302878e+00	-1.314818e+00	5.970182e-03	5.254052e-19	-8.623224e-20	5.205088e-20	-6.020680e-20	1.122577e-19
116.5         	3.709718e+00	1.854859e+00	1.854859e+00	-1.722357e+00	-8.533610e-01	-8.689963e-01	7.817642e-03	4.815967e-19	7.027369e-20	2.122762e-19	1.764118e-19	3.586440e-20
117           	3.418704e+00	1.709352e+00	1.709352e+00	-5.710854e-01	-2.781505e-01	-2.929349e-01	7.392195e-03	4.893424e-19	1.367153e-19	2.451052e-19	2.592679e-19	-1.416272e-20
117.5         	3.251860e+00	1.625930e+00	1.625930e+00	7.885220e-01	4.014060e-01	3.871161e-01	7.144945e-03	5.401430e-19	1.472545e-20	6.599297e-20	4.772193e-20	1.827103e-20
118           	3.340558e+00	1.670279e+00	1.670279e+00	2.121366e+00	1.069853e+00	1.051513e+00	9.169761e-03	5.303940e-19	-9.315125e-20	-8.536493e-20	-1.358337e-19	5.046878e-20
118.5         	3.696599e+00	1.848300e+00	1.848300e+00	3.127627e+00	1.574639e+00	1.552988e+00	1.082519e-02	5.068820e-19	-6.119724e-20	-9.071282e-20	-1.065536e-19	1.584083e-20
119           	4.077227e+00	2.038614e+00	2.038614e+00	3.586233e+00	1.800870e+00	1.785363e+00	7.753071e-03	5.458102e-19	7.379521e-20	1.535889e-20	8.147466e-20	-6.611576e-20
119.5         	4.248755e+00	2.124378e+00	2.124378e+00	3.525125e+00	1.763580e+00	1.761546e+00	1.017046e-03	5.942274e-19	1.728071e-19	8.297885e-20	2.142965e-19	-1.313177e-19
120           	4.182665e+00	2.091332e+00	2.091332e+00	3.077144e+00	1.533999e+00	1.543145e+00	-4.573106e-03	5.740810e-19	1.149486e-19	-1.281377e-20	1.085417e-19	-1.213555e-19
120.5         	3.990542e+00	1.995271e+00	1.995271e+00	2.344117e+00	1.164873e+00	1.179244e+00	-7.185303e-03	5.272851e-19	-2.863724e-20	-1.778365e-19	-1.175555e-19	-6.028102e-20
121           	3.703938e+00	1.851969e+00	1.851969e+00	1.352436e+00	6.688218e-01	6.836142e-01	-7.396220e-03	4.872386e-19	-1.769382e-19	-3.127287e-19	-3.333025e-19	2.057385e-20
121.5         	3.430014e+00	1.715007e+00	1.715007e+00	9.021524e-02	3.864901e-02	5.156623e-02	-6.458607e-03	5.233935e-19	-1.490222e-19	-2.335103e-19	-2.657774e-19	3.226705e-20
122           	3.320644e+00	1.660322e+00	1.660322e+00	-1.269576e+00	-6.423140e-01	-6.272620e-01	-7.525970e-03	5.412599e-19	-1.625659e-21	-3.340623e-20	-1.832878e-20	-1.507746e-20
122.5         	3.493305e+00	1.746652e+00	1.746652e+00	-2.522171e+00	-1.272004e+00	-1.250167e+00	-1.091819e-02	5.059256e-19	5.650824e-20	6.307181e-20	8.804414e-20	-2.497233e-20
123           	3.861725e+00	1.930862e+00	1.930862e+00	-3.336344e+00	-1.679685e+00	-1.656659e+00	-1.151290e-02	4.966705e-19	-3.159850e-20	5.523022e-21	-2.883699e-20	3.436001e-20
123.5         	4.150292e+00	2.075146e+00	2.075146e+00	-3.574716e+00	-1.794162e+00	-1.780554e+00	-6.804254e-03	5.452956e-19	-1.793452e-19	-1.167493e-19	-2.377199e-19	1.209706e-19
124           	4.184160e+00	2.092080e+00	2.092080e+00	-3.328628e+00	-1.664514e+00	-1.664115e+00	-1.993668e-04	5.569894e-19	-2.126095e-19	-1.099728e-19	-2.675959e-19	1.576231e-19
124.5         	4.056849e+00	2.028425e+00	2.028425e+00	-2.753910e+00	-1.372825e+00	-1.381084e+00	4.129474e-03	5.152531e-19	-8.243911e-20	6.006370e-20	-5.240726e-20	1.124710e-19
125           	3.846152e+00	1.923076e+00	1.923076e+00	-1.889176e+00	-9.386904e-01	-9.504854e-01	5.897496e-03	4.745176e-19	8.503718e-20	2.374044e-19	2.037394e-19	3.366504e-20
125.5         	3.590662e+00	1.795331e+00	1.795331e+00	-7.761114e-01	-3.818272e-01	-3.942842e-01	6.228474e-03	4.978501e-19	1.480248e-19	2.623598e-19	2.792046e-19	-1.684488e-20
126           	3.391675e+00	1.695837e+00	1.695837e+00	5.041117e-01	2.585909e-01	2.455208e-01	6.535031e-03	5.529180e-19	4.419840e-20	1.017496e-19	9.507318e-20	6.676385e-21
126.5         	3.385925e+00	1.692962e+00	1.692962e+00	1.841288e+00	9.293980e-01	9.118903e-01	8.753834e-03	5.532396e-19	-6.828767e-20	-5.206460e-20	-9.431997e-20	4.225537e-20
127           	3.649275e+00	1.824638e+00	1.824638e+00	2.934193e+00	1.478676e+00	1.455517e+00	1.157916e-02	5.214338e-19	-7.017453e-20	-9.072965e-20	-1.155394e-19	2.480970e-20
127.5         	4.012415e+00	2.006207e+00	2.006207e+00	3.516253e+00	1.768012e+00	1.748241e+00	9.885746e-03	5.439266e-19	4.934043e-20	-4.962073e-23	4.931562e-20	-4.936524e-20
128           	4.203917e+00	2.101959e+00	2.101959e+00	3.550180e+00	1.778876e+00	1.771304e+00	3.786028e-03	5.881908e-19	1.717450e-19	9.188599e-20	2.176880e-19	-1.258020e-19
128.5         	4.174337e+00	2.087168e+00	2.087168e+00	3.178280e+00	1.587072e+00	1.591208e+00	-2.068375e-03	5.684955e-19	1.271833e-19	1.264948e-21	1.278158e-19	-1.265509e-19
129           	4.022697e+00	2.011348e+00	2.011348e+00	2.491139e+00	1.240353e+00	1.250786e+00	-5.216329e-03	5.158061e-19	-3.074096e-20	-1.879502e-19	-1.247161e-19	-6.323416e-20
129.5         	3.805176e+00	1.902588e+00	1.902588e+00	1.547984e+00	7.678566e-01	7.801272e-01	-6.135288e-03	4.847369e-19	-1.804370e-19	-3.249776e-19	-3.429258e-19	1.794820e-20
130           	3.555352e+00	1.777676e+00	1.777676e+00	3.819929e-01	1.850010e-01	1.969919e-01	-5.995469e-03	5.213167e-19	-1.729825e-19	-2.658374e-19	-3.059012e-19	4.006382e-20
130.5         	3.377079e+00	1.688539e+00	1.688539e+00	-9.130596e-01	-4.633666e-01	-4.496930e-01	-6.836775e-03	5.495279e-19	-4.170206e-20	-8.380408e-20	-8.360410e-20	-1.999795e-22
131           	3.437631e+00	1.718815e+00	1.718815e+00	-2.185896e+00	-1.103090e+00	-1.082806e+00	-1.014232e-02	5.242046e-19	5.461741e-20	5.261847e-20	8.092664e-20	-2.830818e-20
131.5         	3.756688e+00	1.878344e+00	1.878344e+00	-3.137142e+00	-1.580794e+00	-1.556348e+00	-1.222284e-02	4.978913e-19	6.496576e-21	3.611841e-20	2.455578e-20	1.156263e-20
132           	4.065923e+00	2.032962e+00	2.032962e+00	-3.524907e+00	-1.771401e+00	-1.753507e+00	-8.946991e-03	5.311217e-19	-1.370511e-19	-8.220292e-20	-1.781525e-19	9.594962e-20
132.5         	4.167911e+00	2.083955e+00	2.083955e+00	-3.412795e+00	-1.708793e+00	-1.704002e+00	-2.395199e-03	5.542579e-19	-2.150446e-19	-1.239269e-19	-2.770081e-19	1.530812e-19
133           	4.093921e+00	2.046961e+00	2.046961e+00	-2.940052e+00	-1.467267e+00	-1.472785e+00	2.759088e-03	5.184724e-19	-1.161665e-19	2.157264e-20	-1.053801e-19	1.269528e-19
133.5         	3.936634e+00	1.968317e+00	1.968317e+00	-2.193942e+00	-1.091731e+00	-1.102210e+00	5.239432e-03	4.794776e-19	5.085538e-20	2.092382e-19	1.554745e-19	5.376374e-20
134           	3.709016e+00	1.854508e+00	1.854508e+00	-1.194070e+00	-5.910123e-01	-6.030578e-01	6.022731e-03	4.823702e-19	1.578564e-19	2.886974e-19	3.022051e-19	-1.350774e-20
134.5         	3.474237e+00	1.737118e+00	1.737118e+00	-1.449680e-02	-1.273857e-03	-1.322295e-02	5.974546e-03	5.367304e-19	1.047604e-19	1.833690e-19	1.964449e-19	-1.307585e-20
135           	3.338799e+00	1.669400e+00	1.669400e+00	1.266803e+00	6.406311e-01	6.261719e-01	7.229577e-03	5.549365e-19	-2.574901e-20	4.523736e-21	-2.348715e-20	2.801088e-20
135.5         	3.462944e+00	1.731472e+00	1.731472e+00	2.476806e+00	1.249142e+00	1.227664e+00	1.073880e-02	5.269098e-19	-9.220472e-20	-9.990033e-20	-1.421549e-19	4.225455e-20
136           	3.808743e+00	1.904372e+00	1.904372e+00	3.289997e+00	1.656483e+00	1.633514e+00	1.148455e-02	5.243788e-19	-2.514886e-20	-6.305294e-20	-5.667533e-20	-6.377610e-21
136.5         	4.095650e+00	2.047825e+00	2.047825e+00	3.543745e+00	1.778839e+00	1.764906e+00	6.966725e-03	5.673753e-19	1.139623e-19	4.867912e-20	1.383019e-19	-8.962276e-20
137           	4.158868e+00	2.079434e+00	2.079434e+00	3.334836e+00	1.667726e+00	1.667110e+00	3.080110e-04	5.750453e-19	1.547700e-19	4.884478e-20	1.791923e-19	-1.303476e-19
137.5         	4.079595e+00	2.039798e+00	2.039798e+00	2.804939e+00	1.398376e+00	1.406563e+00	-4.093186e-03	5.295433e-19	3.432135e-20	-1.112597e-19	-2.130852e-20	-8.995123e-20
138           	3.908099e+00	1.954049e+00	1.954049e+00	2.008451e+00	9.984248e-01	1.010026e+00	-5.800762e-03	4.864932e-19	-1.299500e-19	-2.836627e-19	-2.717813e-19	-1.188138e-20
138.5         	3.664401e+00	1.832200e+00	1.832200e+00	9.830807e-01	4.855201e-01	4.975606e-01	-6.020271e-03	4.986618e-19	-2.064162e-19	-3.233441e-19	-3.680882e-19	4.474409e-20
139           	3.429778e+00	1.714889e+00	1.714889e+00	-2.200514e-01	-1.159038e-01	-1.041476e-01	-5.878116e-03	5.429520e-19	-1.190744e-19	-1.816808e-19	-2.099148e-19	2.823399e-20
139.5         	3.330154e+00	1.665077e+00	1.665077e+00	-1.504812e+00	-7.601463e-01	-7.446654e-01	-7.740443e-03	5.398075e-19	1.732128e-20	-1.078440e-21	1.678206e-20	-1.786050e-20
140           	3.517094e+00	1.758547e+00	1.758547e+00	-2.661835e+00	-1.342291e+00	-1.319545e+00	-1.137289e-02	5.013248e-19	5.795757e-20	7.497127e-20	9.544320e-20	-2.047193e-20
140.5         	3.870066e+00	1.935033e+00	1.935033e+00	-3.354934e+00	-1.688539e+00	-1.666395e+00	-1.107206e-02	5.059137e-19	-4.068276e-20	3.429136e-21	-3.896820e-20	4.239733e-20
141           	4.110877e+00	2.055438e+00	2.055438e+00	-3.496176e+00	-1.753852e+00	-1.742324e+00	-5.764419e-03	5.458343e-19	-1.795451e-19	-1.082937e-19	-2.336920e-19	1.253982e-19
141.5         	4.138851e+00	2.069425e+00	2.069425e+00	-3.207410e+00	-1.602986e+00	-1.604425e+00	7.195775e-04	5.412279e-19	-1.826996e-19	-6.786362e-20	-2.166314e-19	1.487678e-19
142           	4.028180e+00	2.014090e+00	2.014090e+00	-2.624342e+00	-1.307616e+00	-1.316726e+00	4.555221e-03	4.970945e-19	-4.715852e-20	1.035300e-19	4.606480e-21	9.892351e-20
142.5         	3.840418e+00	1.920209e+00	1.920209e+00	-1.777278e+00	-8.826779e-01	-8.945998e-01	5.960930e-03	4.650233e-19	1.085730e-19	2.570996e-19	2.371228e-19	1.997681e-20
143           	3.595401e+00	1.797700e+00	1.797700e+00	-7.208702e-01	-3.544179e-01	-3.664523e-01	6.017170e-03	5.007967e-19	1.521642e-19	2.609847e-19	2.826566e-19	-2.167190e-20
143.5         	3.375464e+00	1.687732e+00	1.687732e+00	4.930595e-01	2.526164e-01	2.404431e-01	6.086642e-03	5.492641e-19	5.535393e-20	1.123763e-19	1.115421e-19	8.342031e-22
144           	3.330258e+00	1.665129e+00	1.665129e+00	1.787055e+00	9.019753e-01	8.850799e-01	8.447694e-03	5.463028e-19	-6.796796e-20	-5.287533e-20	-9.440562e-20	4.153029e-20
144.5         	3.567300e+00	1.783650e+00	1.783650e+00	2.864301e+00	1.443744e+00	1.420558e+00	1.159287e-02	5.164112e-19	-8.481969e-20	-1.053352e-19	-1.374873e-19	3.215211e-20
145           	3.920495e+00	1.960248e+00	1.960248e+00	3.440949e+00	1.730565e+00	1.710383e+00	1.009103e-02	5.366369e-19	2.564482e-20	-2.275473e-20	1.426745e-20	-3.702219e-20
145.5         	4.126625e+00	2.063313e+00	2.063313e+00	3.487971e+00	1.748109e+00	1.739863e+00	4.122871e-03	5.755518e-19	1.468623e-19	6.779267e-20	1.807586e-19	-1.129659e-19
146           	4.126981e+00	2.063490e+00	2.063490e+00	3.140476e+00	1.568267e+00	1.572209e+00	-1.970909e-03	5.552755e-19	1.126189e-19	-1.158563e-20	1.068261e-19	-1.184117e-19
146.5         	4.003476e+00	2.001738e+00	2.001738e+00	2.494905e+00	1.242279e+00	1.252626e+00	-5.173512e-03	5.072434e-19	-3.504191e-20	-1.889848e-19	-1.295343e-19	-5.945049e-20
147           	3.804715e+00	1.902357e+00	1.902357e+00	1.605070e+00	7.963588e-01	8.087115e-01	-6.176320e-03	4.810611e-19	-1.796512e-19	-3.206864e-19	-3.399944e-19	1.930801e-20
147.5         	3.557071e+00	1.778535e+00	1.778535e+00	5.060617e-01	2.471139e-01	2.589478e-01	-5.916939e-03	5.141965e-19	-1.853601e-19	-2.780891e-19	-3.244046e-19	4.631558e-20
148           	3.354312e+00	1.677156e+00	1.677156e+00	-7.396283e-01	-3.760567e-01	-3.635716e-01	-6.242530e-03	5.470368e-19	-6.135368e-20	-1.040036e-19	-1.133555e-19	9.351897e-21
148.5         	3.360361e+00	1.680180e+00	1.680180e+00	-2.005619e+00	-1.012043e+00	-9.935761e-01	-9.233419e-03	5.229365e-19	5.211661e-20	4.858908e-20	7.641115e-20	-2.782207e-20
149           	3.650941e+00	1.825470e+00	1.825470e+00	-3.012675e+00	-1.518178e+00	-1.494498e+00	-1.183991e-02	4.944291e-19	3.269951e-20	6.156835e-20	6.348368e-20	-1.915339e-21
149.5         	3.989975e+00	1.994988e+00	1.994988e+00	-3.476913e+00	-1.747759e+00	-1.729154e+00	-9.302693e-03	5.218203e-19	-9.888037e-20	-4.467626e-20	-1.212185e-19	7.654224e-20
150           	4.139378e+00	2.069689e+00	2.069689e+00	-3.425522e+00	-1.715678e+00	-1.709844e+00	-2.916596e-03	5.517470e-19	-2.032661e-19	-1.168872e-19	-2.617097e-19	1.448226e-19
150.5         	4.103034e+00	2.051517e+00	2.051517e+00	-3.012211e+00	-1.503417e+00	-1.508793e+00	2.688041e-03	5.227243e-19	-1.359624e-19	-4.167129e-21	-1.380459e-19	1.338788e-19
151           	3.962665e+00	1.981332e+00	1.981332e+00	-2.316243e+00	-1.152709e+00	-1.163534e+00	5.412473e-03	4.828904e-19	2.091812e-20	1.777824e-19	1.098093e-19	6.797309e-20
151.5         	3.745047e+00	1.872523e+00	1.872523e+00	-1.380766e+00	-6.841785e-01	-6.965877e-01	6.204569e-03	4.751299e-19	1.479405e-19	2.851993e-19	2.905401e-19	-5.340794e-21
152           	3.498480e+00	1.749240e+00	1.749240e+00	-2.451072e-01	-1.166402e-01	-1.284671e-01	5.913447e-03	5.234907e-19	1.269371e-19	2.151369e-19	2.345055e-19	-1.936862e-20
152.5         	3.324529e+00	1.662265e+00	1.662265e+00	1.027033e+00	5.201712e-01	5.068616e-01	6.654782e-03	5.523361e-19	6.184028e-22	3.991834e-20	2.057757e-20	1.934077e-20
153           	3.392306e+00	1.696153e+00	1.696153e+00	2.247937e+00	1.133983e+00	1.113954e+00	1.001428e-02	5.297087e-19	-9.191473e-20	-9.317581e-20	-1.385026e-19	4.532683e-20
153.5         	3.721506e+00	1.860753e+00	1.860753e+00	3.162698e+00	1.593059e+00	1.569639e+00	1.171012e-02	5.176084e-19	-4.962385e-20	-8.244807e-20	-9.084788e-20	8.399813e-21
154           	4.027666e+00	2.013833e+00	2.013833e+00	3.508296e+00	1.762246e+00	1.746050e+00	8.098242e-03	5.543645e-19	8.535678e-20	2.578186e-20	9.824771e-20	-7.246585e-20
154.5         	4.141929e+00	2.070964e+00	2.070964e+00	3.377315e+00	1.690123e+00	1.687192e+00	1.465363e-03	5.745255e-19	1.577063e-19	6.080018e-20	1.881064e-19	-1.273062e-19
155           	4.082181e+00	2.041090e+00	2.041090e+00	2.900180e+00	1.446574e+00	1.453606e+00	-3.515833e-03	5.345950e-19	6.083849e-20	-7.827268e-20	2.170215e-20	-9.997483e-20
155.5         	3.926396e+00	1.963198e+00	1.963198e+00	2.165585e+00	1.077109e+00	1.088476e+00	-5.683496e-03	4.912158e-19	-1.022865e-19	-2.576655e-19	-2.311192e-19	-2.654625e-20
156           	3.695664e+00	1.847832e+00	1.847832e+00	1.185441e+00	5.865169e-01	5.989243e-01	-6.203701e-03	4.888363e-19	-2.047720e-19	-3.301621e-19	-3.698530e-19	3.969090e-20
156.5         	3.459265e+00	1.729633e+00	1.729633e+00	1.726317e-02	2.751840e-03	1.451133e-02	-5.879746e-03	5.342313e-19	-1.459515e-19	-2.193246e-19	-2.556138e-19	3.628923e-20
157           	3.319799e+00	1.659900e+00	1.659900e+00	-1.253747e+00	-6.339413e-01	-6.198059e-01	-7.067746e-03	5.414536e-19	-4.212426e-21	-2.916072e-20	-1.879279e-20	-1.036794e-20
157.5         	3.439483e+00	1.719741e+00	1.719741e+00	-2.457375e+00	-1.239365e+00	-1.218010e+00	-1.067743e-02	5.069443e-19	6.425012e-20	7.521134e-20	1.018558e-19	-2.664444e-20
158           	3.783793e+00	1.891896e+00	1.891896e+00	-3.259043e+00	-1.640970e+00	-1.618073e+00	-1.144868e-02	4.988636e-19	-9.387360e-21	3.017492e-20	5.700100e-21	2.447482e-20
158.5         	4.070625e+00	2.035313e+00	2.035313e+00	-3.508869e+00	-1.761389e+00	-1.747479e+00	-6.954946e-03	5.390506e-19	-1.531188e-19	-8.836102e-20	-1.972993e-19	1.089383e-19
159           	4.135350e+00	2.067675e+00	2.067675e+00	-3.300060e+00	-1.650328e+00	-1.649731e+00	-2.986250e-04	5.473330e-19	-1.968105e-19	-9.283462e-20	-2.432278e-19	1.503932e-19
159.5         	4.056253e+00	2.028127e+00	2.028127e+00	-2.773142e+00	-1.382439e+00	-1.390703e+00	4.132071e-03	5.066883e-19	-8.115711e-20	6.229722e-20	-5.000850e-20	1.123057e-19
160           	3.887144e+00	1.943572e+00	1.943572e+00	-1.982955e+00	-9.856045e-01	-9.973501e-01	5.872763e-03	4.708418e-19	8.070171e-20	2.341138e-19	1.977586e-19	3.635521e-20
160.5         	3.647132e+00	1.823566e+00	1.823566e+00	-9.652661e-01	-4.765076e-01	-4.887585e-01	6.125421e-03	4.899223e-19	1.597709e-19	2.793389e-19	2.994403e-19	-2.010145e-20
161           	3.415414e+00	1.707707e+00	1.707707e+00	2.314232e-01	1.216619e-01	1.097613e-01	5.950293e-03	5.422776e-19	8.185831e-20	1.488003e-19	1.562585e-19	-7.458148e-21
161.5         	3.315678e+00	1.657839e+00	1.657839e+00	1.503429e+00	7.594130e-01	7.440156e-01	7.698702e-03	5.484095e-19	-4.587008e-20	-2.378042e-20	-5.776029e-20	3.397988e-20
162           	3.496797e+00	1.748398e+00	1.748398e+00	2.656600e+00	1.339537e+00	1.317063e+00	1.123686e-02	5.184615e-19	-9.128175e-20	-1.057226e-19	-1.441430e-19	3.842046e-20
162.5         	3.848132e+00	1.924066e+00	1.924066e+00	3.352214e+00	1.687047e+00	1.665167e+00	1.094018e-02	5.270890e-19	-2.849210e-21	-4.604054e-20	-2.586948e-20	-2.017106e-20
163           	4.094096e+00	2.047048e+00	2.047048e+00	3.500768e+00	1.756055e+00	1.744714e+00	5.670400e-03	5.690028e-19	1.311915e-19	5.929769e-20	1.608403e-19	-1.015426e-19
163.5         	4.130531e+00	2.065266e+00	2.065266e+00	3.220349e+00	1.609359e+00	1.610989e+00	-8.149724e-04	5.631054e-19	1.370581e-19	2.179816e-20	1.479571e-19	-1.261590e-19
164           	4.025279e+00	2.012640e+00	2.012640e+00	2.642054e+00	1.316370e+00	1.325683e+00	-4.656374e-03	5.156397e-19	1.196474e-21	-1.492434e-19	-7.342522e-20	-7.581817e-20
164.5         	3.839727e+00	1.919864e+00	1.919864e+00	1.799621e+00	8.937936e-01	9.058276e-01	-6.016982e-03	4.766507e-19	-1.543058e-19	-3.013109e-19	-3.049613e-19	3.650406e-21
165           	3.596416e+00	1.798208e+00	1.798208e+00	7.551161e-01	3.715415e-01	3.835746e-01	-6.016553e-03	5.038510e-19	-1.974121e-19	-3.032261e-19	-3.490251e-19	4.579908e-20
165.5         	3.374032e+00	1.687016e+00	1.687016e+00	-4.567808e-01	-2.344217e-01	-2.223592e-01	-6.031253e-03	5.443811e-19	-9.331961e-20	-1.466689e-19	-1.666541e-19	1.998514e-20
166           	3.323519e+00	1.661760e+00	1.661760e+00	-1.743668e+00	-8.802013e-01	-8.634667e-01	-8.367310e-03	5.335818e-19	3.756416e-20	2.577029e-20	5.044931e-20	-2.467902e-20
166.5         	3.556400e+00	1.778200e+00	1.778200e+00	-2.831425e+00	-1.427315e+00	-1.404111e+00	-1.160206e-02	4.964148e-19	5.263923e-20	7.500598e-20	9.014222e-20	-1.513625e-20
167           	3.906151e+00	1.953075e+00	1.953075e+00	-3.416505e+00	-1.718512e+00	-1.697993e+00	-1.025978e-02	5.109146e-19	-6.339685e-20	-1.502935e-20	-7.091153e-20	5.588218e-20
167.5         	4.117035e+00	2.058518e+00	2.058518e+00	-3.473528e+00	-1.741142e+00	-1.732386e+00	-4.377772e-03	5.497204e-19	-1.904329e-19	-1.134448e-19	-2.471553e-19	1.337105e-19
168           	4.119364e+00	2.059682e+00	2.059682e+00	-3.136249e+00	-1.566345e+00	-1.569904e+00	1.779301e-03	5.335231e-19	-1.630560e-19	-4.167499e-20	-1.838935e-19	1.422185e-19
168.5         	3.998799e+00	1.999399e+00	1.999399e+00	-2.500856e+00	-1.245338e+00	-1.255518e+00	5.090082e-03	4.906610e-19	-1.895238e-20	1.340041e-19	4.804966e-20	8.595441e-20
169           	3.802173e+00	1.901086e+00	1.901086e+00	-1.621285e+00	-8.044913e-01	-8.167936e-01	6.151148e-03	4.690600e-19	1.290532e-19	2.728765e-19	2.654915e-19	7.385034e-21
169.5         	3.553736e+00	1.776868e+00	1.776868e+00	-5.292645e-01	-2.586998e-01	-2.705648e-01	5.932493e-03	5.081941e-19	1.445846e-19	2.435458e-19	2.663575e-19	-2.281168e-20
170           	3.350516e+00	1.675258e+00	1.675258e+00	7.062904e-01	3.593612e-01	3.469292e-01	6.215998e-03	5.506612e-19	3.363218e-20	8.236458e-20	7.481447e-20	7.550108e-21
170.5         	3.344791e+00	1.672395e+00	1.672395e+00	1.971470e+00	9.948317e-01	9.766383e-01	9.096727e-03	5.366917e-19	-7.833068e-20	-7.008519e-20	-1.133733e-19	4.328809e-20
171           	3.624251e+00	1.812125e+00	1.812125e+00	2.986219e+00	1.504896e+00	1.481323e+00	1.178675e-02	5.137981e-19	-7.178624e-20	-9.760669e-20	-1.205896e-19	2.298289e-20
171.5         	3.966582e+00	1.983291e+00	1.983291e+00	3.475080e+00	1.746954e+00	1.728126e+00	9.413981e-03	5.425207e-19	4.931968e-20	-3.972668e-21	4.733334e-20	-5.130601e-20
172           	4.129725e+00	2.064863e+00	2.064863e+00	3.437021e+00	1.721597e+00	1.715424e+00	3.086503e-03	5.747839e-19	1.554913e-19	6.904055e-20	1.900116e-19	-1.209710e-19
172.5         	4.102726e+00	2.051363e+00	2.051363e+00	3.037019e+00	1.515901e+00	1.521118e+00	-2.608533e-03	5.448134e-19	9.294673e-20	-3.903035e-20	7.343156e-20	-1.124619e-19
173           	3.965051e+00	1.982525e+00	1.982525e+00	2.352646e+00	1.170919e+00	1.181728e+00	-5.404615e-03	4.992472e-19	-6.298328e-20	-2.195683e-19	-1.727674e-19	-4.680088e-20
173.5         	3.752937e+00	1.876468e+00	1.876468e+00	1.436299e+00	7.119313e-01	7.243673e-01	-6.218020e-03	4.824820e-19	-1.914990e-19	-3.274858e-19	-3.552419e-19	2.775607e-20
174           	3.506171e+00	1.753085e+00	1.753085e+00	3.095453e-01	1.488852e-01	1.606601e-01	-5.887458e-03	5.222472e-19	-1.722792e-19	-2.582640e-19	-3.014112e-19	4.314720e-20
174.5         	3.322951e+00	1.661475e+00	1.661475e+00	-9.537708e-01	-4.833831e-01	-4.703876e-01	-6.497755e-03	5.451453e-19	-3.818012e-20	-7.503406e-20	-7.569715e-20	6.630868e-22
175           	3.374442e+00	1.687221e+00	1.687221e+00	-2.183677e+00	-1.101647e+00	-1.082030e+00	-9.808629e-03	5.155482e-19	6.208493e-20	6.481150e-20	9.449068e-20	-2.967918e-20
175.5         	3.696476e+00	1.848238e+00	1.848238e+00	-3.120032e+00	-1.571771e+00	-1.548261e+00	-1.175491e-02	4.949268e-19	1.964104e-20	5.278559e-20	4.603384e-20	6.751748e-21
176           	4.016614e+00	2.008307e+00	2.008307e+00	-3.496243e+00	-1.756537e+00	-1.739707e+00	-8.414825e-03	5.276569e-19	-1.198801e-19	-6.224472e-20	-1.510025e-19	8.875774e-20
176.5         	4.136946e+00	2.068473e+00	2.068473e+00	-3.388699e+00	-1.696175e+00	-1.692524e+00	-1.825341e-03	5.511086e-19	-2.026151e-19	-1.102479e-19	-2.577390e-19	1.474911e-19
177           	4.084564e+00	2.042282e+00	2.042282e+00	-2.928945e+00	-1.461130e+00	-1.467815e+00	3.342287e-03	5.168587e-19	-1.156743e-19	1.998457e-20	-1.056820e-19	1.256666e-19
177.5         	3.933081e+00	1.966540e+00	1.966540e+00	-2.207786e+00	-1.098234e+00	-1.109552e+00	5.659086e-03	4.782201e-19	4.484307e-20	2.005712e-19	1.451287e-19	5.544255e-20
178           	3.706860e+00	1.853430e+00	1.853430e+00	-1.239733e+00	-6.136266e-01	-6.261063e-01	6.239862e-03	4.790707e-19	1.558250e-19	2.860546e-19	2.988523e-19	-1.279774e-20
178.5         	3.464677e+00	1.732339e+00	1.732339e+00	-8.499695e-02	-3.661358e-02	-4.838338e-02	5.884900e-03	5.302747e-19	1.139055e-19	1.944002e-19	2.111056e-19	-1.670538e-20
179           	3.314865e+00	1.657432e+00	1.657432e+00	1.182156e+00	5.980001e-01	5.841555e-01	6.922296e-03	5.509701e-19	-1.761236e-20	1.438641e-20	-1.041915e-20	2.480557e-20
179.5         	3.419618e+00	1.709809e+00	1.709809e+00	2.394493e+00	1.207729e+00	1.186764e+00	1.048262e-02	5.244873e-19	-9.315638e-20	-9.974838e-20	-1.430306e-19	4.328220e-20
180           	3.758586e+00	1.879293e+00	1.879293e+00	3.230681e+00	1.626886e+00	1.603795e+00	1.154573e-02	5.188440e-19	-3.470405e-20	-7.152014e-20	-7.046412e-20	-1.056021e-21
180.5         	4.053900e+00	2.026950e+00	2.026950e+00	3.500064e+00	1.757347e+00	1.742717e+00	7.314988e-03	5.599399e-19	1.031793e-19	3.902882e-20	1.226937e-19	-8.366490e-20
181           	4.130785e+00	2.065392e+00	2.065392e+00	3.325272e+00	1.663283e+00	1.661989e+00	6.468842e-04	5.708213e-19	1.536367e-19	5.039337e-20	1.788334e-19	-1.284400e-19
181.5         	4.058608e+00	2.029304e+00	2.029304e+00	2.811761e+00	1.401917e+00	1.409844e+00	-3.963892e-03	5.280114e-19	4.331652e-20	-9.964574e-20	-6.506349e-21	-9.313939e-20
182           	3.893987e+00	1.946994e+00	1.946994e+00	2.044165e+00	1.016252e+00	1.027913e+00	-5.830461e-03	4.855153e-19	-1.192274e-19	-2.727243e-19	-2.555895e-19	-1.713479e-20
182.5         	3.657689e+00	1.828844e+00	1.828844e+00	1.040411e+00	5.140354e-01	5.263758e-01	-6.170162e-03	4.925333e-19	-2.038183e-19	-3.232190e-19	-3.654278e-19	4.220874e-20
183           	3.424179e+00	1.712090e+00	1.712090e+00	-1.502341e-01	-8.104031e-02	-6.919375e-02	-5.923277e-03	5.374722e-19	-1.278694e-19	-1.942154e-19	-2.249771e-19	3.076168e-20
183.5         	3.310068e+00	1.655034e+00	1.655034e+00	-1.418693e+00	-7.168159e-01	-7.018768e-01	-7.469539e-03	5.387619e-19	1.119787e-20	-9.195747e-21	6.599999e-21	-1.579575e-20
184           	3.471813e+00	1.735907e+00	1.735907e+00	-2.587844e+00	-1.304973e+00	-1.282872e+00	-1.105035e-02	5.019471e-19	6.276330e-20	7.769527e-20	1.016109e-19	-2.391566e-20
184.5         	3.818440e+00	1.909220e+00	1.909220e+00	-3.317923e+00	-1.670095e+00	-1.647829e+00	-1.113304e-02	5.018555e-19	-2.531217e-20	1.695276e-20	-1.683579e-20	3.378856e-20
185           	4.083847e+00	2.041923e+00	2.041923e+00	-3.500857e+00	-1.756550e+00	-1.744306e+00	-6.121985e-03	5.425367e-19	-1.658487e-19	-9.733650e-20	-2.145170e-19	1.171805e-19
185.5         	4.129969e+00	2.064984e+00	2.064984e+00	-3.244677e+00	-1.621893e+00	-1.622784e+00	4.454641e-04	5.435979e-19	-1.877554e-19	-7.779914e-20	-2.266549e-19	1.488558e-19
186           	4.033206e+00	2.016603e+00	2.016603e+00	-2.688101e+00	-1.339549e+00	-1.348552e+00	4.501746e-03	5.009570e-19	-6.137933e-20	8.546172e-20	-1.864847e-20	1.041102e-19
186.5         	3.853112e+00	1.926556e+00	1.926556e+00	-1.856852e+00	-9.224484e-01	-9.344041e-01	5.977817e-03	4.638095e-19	9.762736e-20	2.470990e-19	2.211769e-19	2.592213e-20
187           	3.612757e+00	1.806379e+00	1.806379e+00	-8.287548e-01	-4.083078e-01	-4.204470e-01	6.069589e-03	4.954460e-19	1.574813e-19	2.703713e-19	2.926669e-19	-2.229565e-20
187.5         	3.380635e+00	1.690318e+00	1.690318e+00	3.733185e-01	1.926674e-01	1.806512e-01	6.008099e-03	5.438049e-19	6.723288e-20	1.275977e-19	1.310317e-19	-3.434023e-21
188           	3.317458e+00	1.658729e+00	1.658729e+00	1.653924e+00	8.350894e-01	8.188346e-01	8.127433e-03	5.466607e-19	-5.729556e-20	-3.924994e-20	-7.692052e-20	3.767059e-20
188.5         	3.532218e+00	1.766109e+00	1.766109e+00	2.760052e+00	1.391514e+00	1.368537e+00	1.148849e-02	5.152082e-19	-8.702463e-20	-1.056504e-19	-1.398498e-19	3.419945e-20
189           	3.881346e+00	1.940673e+00	1.940673e+00	3.395749e+00	1.708410e+00	1.687339e+00	1.053542e-02	5.303509e-19	1.448938e-20	-3.181016e-20	-1.415695e-21	-3.039446e-20
189.5         	4.107080e+00	2.053540e+00	2.053540e+00	3.478986e+00	1.744362e+00	1.734625e+00	4.868543e-03	5.722915e-19	1.434485e-19	6.763224e-20	1.772646e-19	-1.096324e-19
190           	4.115454e+00	2.057727e+00	2.057727e+00	3.162184e+00	1.579664e+00	1.582520e+00	-1.427878e-03	5.578636e-19	1.262037e-19	5.957631e-21	1.291826e-19	-1.232249e-19
190.5         	4.007250e+00	2.003625e+00	2.003625e+00	2.555127e+00	1.272627e+00	1.282500e+00	-4.936437e-03	5.101444e-19	-1.717051e-20	-1.698668e-19	-1.021039e-19	-6.776290e-20
191           	3.810021e+00	1.905011e+00	1.905011e+00	1.693058e+00	8.404171e-01	8.526406e-01	-6.111786e-03	4.778867e-19	-1.675431e-19	-3.119269e-19	-3.235065e-19	1.157963e-20
191.5         	3.567897e+00	1.783948e+00	1.783948e+00	6.089522e-01	2.985104e-01	3.104419e-01	-5.965744e-03	5.088472e-19	-1.914629e-19	-2.916375e-19	-3.372816e-19	4.564413e-20
192           	3.359615e+00	1.679807e+00	1.679807e+00	-6.141889e-01	-3.132354e-01	-3.009535e-01	-6.140976e-03	5.456595e-19	-7.725592e-20	-1.256880e-19	-1.400999e-19	1.441192e-20
192.5         	3.333920e+00	1.666960e+00	1.666960e+00	-1.881586e+00	-9.496063e-01	-9.319793e-01	-8.813497e-03	5.269882e-19	4.593398e-20	3.836587e-20	6.511692e-20	-2.675105e-20
193           	3.589305e+00	1.794653e+00	1.794653e+00	-2.920735e+00	-1.472108e+00	-1.448627e+00	-1.174040e-02	4.944190e-19	4.416415e-20	6.995768e-20	7.914299e-20	-9.185312e-21
193.5         	3.942335e+00	1.971168e+00	1.971168e+00	-3.450108e+00	-1.734823e+00	-1.715285e+00	-9.768852e-03	5.156412e-19	-7.880358e-20	-2.739897e-20	-9.250306e-20	6.510409e-20
194           	4.125801e+00	2.062900e+00	2.062900e+00	-3.454201e+00	-1.730700e+00	-1.723500e+00	-3.599991e-03	5.506242e-19	-1.964362e-19	-1.150813e-19	-2.539769e-19	1.388956e-19
194.5         	4.105892e+00	2.052946e+00	2.052946e+00	-3.079465e+00	-1.537439e+00	-1.542026e+00	2.293720e-03	5.280150e-19	-1.496071e-19	-2.349013e-20	-1.613521e-19	1.378620e-19
195           	3.970247e+00	1.985124e+00	1.985124e+00	-2.407063e+00	-1.198238e+00	-1.208826e+00	5.294012e-03	4.837876e-19	2.284835e-21	1.577245e-19	8.114706e-20	7.657739e-20
195.5         	3.770819e+00	1.885410e+00	1.885410e+00	-1.514103e+00	-7.508539e-01	-7.632488e-01	6.197473e-03	4.703018e-19	1.389386e-19	2.790344e-19	2.784558e-19	5.786063e-22
196           	3.525908e+00	1.762954e+00	1.762954e+00	-4.011740e-01	-1.946852e-01	-2.064888e-01	5.901801e-03	5.149711e-19	1.367484e-19	2.297475e-19	2.516221e-19	-2.187462e-20
196.5         	3.332491e+00	1.666245e+00	1.666245e+00	8.424141e-01	4.275653e-01	4.148488e-01	6.358245e-03	5.507783e-19	1.892427e-20	6.305125e-20	5.044990e-20	1.260135e-20
197           	3.358902e+00	1.679451e+00	1.679451e+00	2.090226e+00	1.054614e+00	1.035611e+00	9.501565e-03	5.325566e-19	-8.442756e-20	-8.051807e-20	-1.246866e-19	4.416853e-20
197.5         	3.660351e+00	1.830175e+00	1.830175e+00	3.056854e+00	1.540218e+00	1.516636e+00	1.179113e-02	5.140661e-19	-6.169419e-20	-9.089429e-20	-1.071413e-19	1.624705e-20
198           	3.994439e+00	1.997220e+00	1.997220e+00	3.478679e+00	1.748205e+00	1.730474e+00	8.865716e-03	5.477516e-19	6.748874e-20	1.168965e-20	7.333357e-20	-6.164391e-20
198.5         	4.129221e+00	2.064611e+00	2.064611e+00	3.407517e+00	1.706130e+00	1.701386e+00	2.371962e-03	5.744964e-19	1.585272e-19	6.791554e-20	1.924850e-19	-1.245694e-19
199           	4.089780e+00	2.044890e+00	2.044890e+00	2.976199e+00	1.485066e+00	1.491132e+00	-3.033169e-03	5.398172e-19	7.989501e-20	-5.515899e-20	5.231551e-20	-1.074745e-19
199.5         	3.944413e+00	1.972207e+00	1.972207e+00	2.273621e+00	1.131255e+00	1.142366e+00	-5.555516e-03	4.950424e-19	-7.958302e-20	-2.357262e-19	-1.974461e-19	-3.828008e-20
200           	3.725960e+00	1.862980e+00	1.862980e+00	1.324745e+00	6.561407e-01	6.686043e-01	-6.231805e-03	4.851769e-19	-1.977580e-19	-3.295451e-19	-3.625305e-19	3.298544e-20
