Time        	Cd            	Cd(f)         	Cd(r)         	Cl            	Cl(f)         	Cl(r)         	CmPitch       	CmRoll        	CmYaw         	Cs            	Cs(f)         	Cs(r)         
0             	1.045016e+00	5.225082e-01	5.225082e-01	5.984796e-17	-1.903859e-16	2.502339e-16	-2.203099e-16	1.240229e-21	1.542917e-20	3.084497e-35	1.542917e-20	-1.542917e-20
0.5           	1.665863e+00	8.329317e-01	8.329317e-01	-5.696077e-06	-2.894987e-06	-2.801091e-06	-4.694805e-08	2.125644e-19	-2.530303e-22	-8.499829e-21	-4.502945e-21	-3.996884e-21
1             	1.633038e+00	8.165188e-01	8.165188e-01	-1.640333e-06	-8.506186e-07	-7.897140e-07	-3.045230e-08	3.329707e-19	-1.219170e-21	-6.338999e-21	-4.388669e-21	-1.950330e-21
1.5           	1.933397e+00	9.666984e-01	9.666984e-01	-1.883349e-07	-1.083350e-07	-7.999989e-08	-1.416757e-08	4.072063e-19	-2.585145e-21	-4.779682e-21	-4.974986e-21	1.953040e-22
2             	2.373491e+00	1.186745e+00	1.186745e+00	-6.449416e-09	8.188132e-09	-1.463755e-08	1.141284e-08	4.939361e-19	-3.109548e-21	-1.870804e-21	-4.044950e-21	2.174146e-21
2.5           	2.772512e+00	1.386256e+00	1.386256e+00	-4.101594e-07	-2.034218e-07	-2.067376e-07	1.657896e-09	5.655752e-19	-2.970564e-21	1.468103e-21	-2.236512e-21	3.704615e-21
3             	2.949959e+00	1.474980e+00	1.474980e+00	-2.566369e-08	-2.145311e-08	-4.210582e-09	-8.621265e-09	5.863146e-19	-3.454550e-21	2.713454e-21	-2.097823e-21	4.811277e-21
3.5           	2.881391e+00	1.440696e+00	1.440696e+00	1.975607e-08	2.965340e-08	-9.897326e-09	1.977536e-08	5.502931e-19	-4.414943e-21	2.203195e-21	-3.313346e-21	5.516541e-21
4             	2.717992e+00	1.358996e+00	1.358996e+00	-3.546306e-07	-1.546092e-07	-2.000215e-07	2.270615e-08	5.040620e-19	-5.209463e-21	1.500798e-21	-4.459064e-21	5.959862e-21
4.5           	2.576293e+00	1.288147e+00	1.288147e+00	7.774503e-08	7.767681e-08	6.822569e-11	3.880429e-08	4.702641e-19	-5.473866e-21	1.436021e-21	-4.755855e-21	6.191876e-21
5             	2.485042e+00	1.242521e+00	1.242521e+00	2.098821e-07	1.328185e-07	7.706351e-08	2.787752e-08	4.519220e-19	-5.459196e-21	1.768153e-21	-4.575119e-21	6.343272e-21
5.5           	2.412912e+00	1.206456e+00	1.206456e+00	1.127038e-06	5.940329e-07	5.330048e-07	3.051406e-08	4.403348e-19	-5.296228e-21	2.181010e-21	-4.205723e-21	6.386733e-21
6             	2.333908e+00	1.166954e+00	1.166954e+00	1.028916e-06	5.401327e-07	4.887828e-07	2.567495e-08	4.294525e-19	-5.129207e-21	2.470209e-21	-3.894102e-21	6.364312e-21
6.5           	2.253080e+00	1.126540e+00	1.126540e+00	2.069843e-06	1.091310e-06	9.785330e-07	5.638862e-08	4.185674e-19	-4.973325e-21	2.673052e-21	-3.636799e-21	6.309851e-21
7             	2.183303e+00	1.091652e+00	1.091652e+00	1.820780e-06	1.061882e-06	7.588971e-07	1.514926e-07	4.088076e-19	-4.798385e-21	2.910922e-21	-3.342924e-21	6.253846e-21
7.5           	2.134909e+00	1.067454e+00	1.067454e+00	2.507090e-06	1.360885e-06	1.146205e-06	1.073402e-07	4.026549e-19	-4.618220e-21	3.193678e-21	-3.021381e-21	6.215059e-21
8             	2.102557e+00	1.051278e+00	1.051278e+00	3.291712e-06	1.776543e-06	1.515169e-06	1.306871e-07	3.991297e-19	-4.454507e-21	3.491918e-21	-2.708548e-21	6.200466e-21
8.5           	2.074708e+00	1.037354e+00	1.037354e+00	3.895210e-06	2.053511e-06	1.841700e-06	1.059057e-07	3.962300e-19	-4.304270e-21	3.764483e-21	-2.422028e-21	6.186511e-21
9             	2.045604e+00	1.022802e+00	1.022802e+00	4.223709e-06	2.173218e-06	2.050492e-06	6.136313e-08	3.925905e-19	-4.223513e-21	3.928405e-21	-2.259310e-21	6.187715e-21
9.5           	2.019516e+00	1.009758e+00	1.009758e+00	4.720984e-06	2.460772e-06	2.260212e-06	1.002798e-07	3.882280e-19	-4.278371e-21	3.934267e-21	-2.311238e-21	6.245505e-21
10            	1.996008e+00	9.980038e-01	9.980038e-01	4.663173e-06	2.362191e-06	2.300982e-06	3.060478e-08	3.836838e-19	-4.409397e-21	3.873301e-21	-2.472747e-21	6.346048e-21
10.5          	1.978770e+00	9.893851e-01	9.893851e-01	6.461183e-06	3.258164e-06	3.203019e-06	2.757259e-08	3.795832e-19	-4.533765e-21	3.821079e-21	-2.623226e-21	6.444305e-21
11            	1.960727e+00	9.803635e-01	9.803635e-01	6.347668e-06	3.195553e-06	3.152115e-06	2.171866e-08	3.756541e-19	-4.623633e-21	3.804416e-21	-2.721424e-21	6.525841e-21
11.5          	1.942763e+00	9.713814e-01	9.713814e-01	7.123522e-06	3.597538e-06	3.525984e-06	3.577732e-08	3.716533e-19	-4.697533e-21	3.789145e-21	-2.802961e-21	6.592106e-21
12            	1.923304e+00	9.616520e-01	9.616520e-01	8.573772e-06	4.306681e-06	4.267091e-06	1.979486e-08	3.675017e-19	-4.763754e-21	3.769425e-21	-2.879042e-21	6.648466e-21
12.5          	1.904222e+00	9.521110e-01	9.521110e-01	8.502356e-06	4.281289e-06	4.221067e-06	3.011134e-08	3.635672e-19	-4.827709e-21	3.754108e-21	-2.950655e-21	6.704763e-21
13            	1.887775e+00	9.438876e-01	9.438876e-01	9.041025e-06	4.555964e-06	4.485061e-06	3.545134e-08	3.599802e-19	-4.885380e-21	3.739339e-21	-3.015710e-21	6.755049e-21
13.5          	1.870295e+00	9.351475e-01	9.351475e-01	9.439970e-06	4.721660e-06	4.718310e-06	1.675031e-09	3.565717e-19	-4.920721e-21	3.754284e-21	-3.043579e-21	6.797863e-21
14            	1.854568e+00	9.272842e-01	9.272842e-01	1.157002e-05	5.820034e-06	5.749982e-06	3.502614e-08	3.534993e-19	-4.942210e-21	3.773994e-21	-3.055213e-21	6.829207e-21
14.5          	1.838507e+00	9.192534e-01	9.192534e-01	1.091801e-05	5.452924e-06	5.465083e-06	-6.079396e-09	3.506080e-19	-4.951463e-21	3.806962e-21	-3.047982e-21	6.854945e-21
15            	1.823174e+00	9.115872e-01	9.115872e-01	9.473620e-06	4.753662e-06	4.719958e-06	1.685244e-08	3.478796e-19	-4.955988e-21	3.841490e-21	-3.035243e-21	6.876733e-21
15.5          	1.808407e+00	9.042033e-01	9.042033e-01	8.800032e-06	4.402578e-06	4.397454e-06	2.561876e-09	3.453231e-19	-4.958918e-21	3.875123e-21	-3.021357e-21	6.896479e-21
16            	1.794293e+00	8.971464e-01	8.971464e-01	7.840398e-06	3.900893e-06	3.939505e-06	-1.930559e-08	3.429174e-19	-4.959508e-21	3.914577e-21	-3.002219e-21	6.916796e-21
16.5          	1.781314e+00	8.906571e-01	8.906571e-01	5.350275e-06	2.673330e-06	2.676945e-06	-1.807733e-09	3.407494e-19	-4.960649e-21	3.953712e-21	-2.983793e-21	6.937505e-21
17            	1.769392e+00	8.846960e-01	8.846960e-01	3.700753e-06	1.797796e-06	1.902957e-06	-5.258047e-08	3.386467e-19	-4.961017e-21	3.989223e-21	-2.966406e-21	6.955629e-21
17.5          	1.757702e+00	8.788508e-01	8.788508e-01	1.990414e-06	9.762938e-07	1.014120e-06	-1.891307e-08	3.366207e-19	-4.961990e-21	4.025512e-21	-2.949234e-21	6.974746e-21
18            	1.746879e+00	8.734397e-01	8.734397e-01	-2.604945e-07	-1.622365e-07	-9.825795e-08	-3.198929e-08	3.346640e-19	-4.963314e-21	4.055131e-21	-2.935748e-21	6.990879e-21
18.5          	1.735786e+00	8.678931e-01	8.678931e-01	-2.799537e-06	-1.463182e-06	-1.336355e-06	-6.341352e-08	3.327621e-19	-4.964140e-21	4.089603e-21	-2.919339e-21	7.008942e-21
19            	1.725256e+00	8.626279e-01	8.626279e-01	-6.085952e-06	-3.122461e-06	-2.963491e-06	-7.948527e-08	3.309538e-19	-4.964844e-21	4.120086e-21	-2.904801e-21	7.024888e-21
19.5          	1.715285e+00	8.576427e-01	8.576427e-01	-1.150405e-05	-5.813701e-06	-5.690346e-06	-6.167741e-08	3.292188e-19	-4.967076e-21	4.147873e-21	-2.893139e-21	7.041013e-21
20            	1.705694e+00	8.528469e-01	8.528469e-01	-1.260943e-05	-6.347963e-06	-6.261462e-06	-4.325050e-08	3.275212e-19	-4.971174e-21	4.173072e-21	-2.884638e-21	7.057711e-21
20.5          	1.696795e+00	8.483973e-01	8.483973e-01	-1.462402e-05	-7.364178e-06	-7.259839e-06	-5.216945e-08	3.258306e-19	-4.975092e-21	4.192785e-21	-2.878700e-21	7.071485e-21
21            	1.687639e+00	8.438194e-01	8.438194e-01	-1.783739e-05	-8.957516e-06	-8.879872e-06	-3.882222e-08	3.241691e-19	-4.980596e-21	4.214644e-21	-2.873273e-21	7.087918e-21
21.5          	1.679591e+00	8.397955e-01	8.397955e-01	-1.969685e-05	-9.902478e-06	-9.794368e-06	-5.405513e-08	3.225602e-19	-4.987481e-21	4.230179e-21	-2.872391e-21	7.102570e-21
22            	1.671384e+00	8.356922e-01	8.356922e-01	-2.179531e-05	-1.093909e-05	-1.085622e-05	-4.143422e-08	3.209938e-19	-4.996167e-21	4.245153e-21	-2.873591e-21	7.118743e-21
22.5          	1.663845e+00	8.319223e-01	8.319223e-01	-2.282481e-05	-1.143484e-05	-1.138997e-05	-2.243762e-08	3.194682e-19	-5.006860e-21	4.254247e-21	-2.879736e-21	7.133983e-21
23            	1.655949e+00	8.279746e-01	8.279746e-01	-2.300011e-05	-1.145555e-05	-1.154456e-05	4.450310e-08	3.179506e-19	-5.017327e-21	4.264052e-21	-2.885301e-21	7.149353e-21
23.5          	1.648864e+00	8.244321e-01	8.244321e-01	-2.166956e-05	-1.081854e-05	-1.085103e-05	1.624566e-08	3.164803e-19	-5.029959e-21	4.268466e-21	-2.895726e-21	7.164192e-21
24            	1.641840e+00	8.209201e-01	8.209201e-01	-1.903937e-05	-9.428105e-06	-9.611267e-06	9.158112e-08	3.150270e-19	-5.042312e-21	4.271664e-21	-2.906480e-21	7.178144e-21
24.5          	1.634674e+00	8.173371e-01	8.173371e-01	-1.595501e-05	-7.853074e-06	-8.101935e-06	1.244304e-07	3.136047e-19	-5.054935e-21	4.277859e-21	-2.916005e-21	7.193864e-21
25            	1.628336e+00	8.141681e-01	8.141681e-01	-1.046905e-05	-5.079930e-06	-5.389118e-06	1.545944e-07	3.122510e-19	-5.067329e-21	4.279593e-21	-2.927533e-21	7.207126e-21
25.5          	1.621593e+00	8.107964e-01	8.107964e-01	-3.924562e-06	-1.761331e-06	-2.163231e-06	2.009503e-07	3.109118e-19	-5.078588e-21	4.286759e-21	-2.935209e-21	7.221968e-21
26            	1.615597e+00	8.077987e-01	8.077987e-01	3.758924e-06	2.088950e-06	1.669974e-06	2.094879e-07	3.096321e-19	-5.090453e-21	4.288970e-21	-2.945968e-21	7.234938e-21
26.5          	1.609478e+00	8.047388e-01	8.047388e-01	1.331880e-05	6.889910e-06	6.428894e-06	2.305082e-07	3.083772e-19	-5.101473e-21	4.292141e-21	-2.955402e-21	7.247543e-21
27            	1.603460e+00	8.017298e-01	8.017298e-01	2.327140e-05	1.191551e-05	1.135589e-05	2.798069e-07	3.071559e-19	-5.112395e-21	4.295665e-21	-2.964562e-21	7.260228e-21
27.5          	1.597566e+00	7.987832e-01	7.987832e-01	3.574592e-05	1.817815e-05	1.756777e-05	3.051917e-07	3.059729e-19	-5.121373e-21	4.300881e-21	-2.970933e-21	7.271814e-21
28            	1.591866e+00	7.959329e-01	7.959329e-01	4.765816e-05	2.416106e-05	2.349710e-05	3.319768e-07	3.048129e-19	-5.130013e-21	4.305016e-21	-2.977505e-21	7.282521e-21
28.5          	1.586380e+00	7.931902e-01	7.931902e-01	6.243523e-05	3.150891e-05	3.092632e-05	2.912910e-07	3.036995e-19	-5.138257e-21	4.311202e-21	-2.982656e-21	7.293858e-21
29            	1.581096e+00	7.905480e-01	7.905480e-01	7.085994e-05	3.575071e-05	3.510923e-05	3.207383e-07	3.026183e-19	-5.145724e-21	4.314575e-21	-2.988436e-21	7.303011e-21
29.5          	1.575599e+00	7.877993e-01	7.877993e-01	8.190753e-05	4.119841e-05	4.070912e-05	2.446422e-07	3.015465e-19	-5.152534e-21	4.323010e-21	-2.991028e-21	7.314039e-21
30            	1.570507e+00	7.852534e-01	7.852534e-01	9.279099e-05	4.657488e-05	4.621611e-05	1.793815e-07	3.005171e-19	-5.158309e-21	4.327756e-21	-2.994431e-21	7.322187e-21
30.5          	1.565278e+00	7.826392e-01	7.826392e-01	1.015139e-04	5.082273e-05	5.069115e-05	6.578706e-08	2.995079e-19	-5.163672e-21	4.335786e-21	-2.995779e-21	7.331565e-21
31            	1.560493e+00	7.802467e-01	7.802467e-01	1.073661e-04	5.369813e-05	5.366800e-05	1.506392e-08	2.985355e-19	-5.168683e-21	4.341922e-21	-2.997723e-21	7.339644e-21
31.5          	1.555706e+00	7.778532e-01	7.778532e-01	1.037897e-04	5.179818e-05	5.199153e-05	-9.667406e-08	2.975863e-19	-5.174361e-21	4.348270e-21	-3.000226e-21	7.348496e-21
32            	1.551011e+00	7.755055e-01	7.755055e-01	1.073291e-04	5.339192e-05	5.393719e-05	-2.726373e-07	2.966533e-19	-5.178962e-21	4.354245e-21	-3.001839e-21	7.356084e-21
32.5          	1.546472e+00	7.732359e-01	7.732359e-01	1.049508e-04	5.207502e-05	5.287574e-05	-4.003560e-07	2.957423e-19	-5.183034e-21	4.362692e-21	-3.001688e-21	7.364380e-21
33            	1.542045e+00	7.710223e-01	7.710223e-01	8.889844e-05	4.391546e-05	4.498298e-05	-5.337603e-07	2.948533e-19	-5.187027e-21	4.370625e-21	-3.001714e-21	7.372339e-21
33.5          	1.537825e+00	7.689125e-01	7.689125e-01	7.519188e-05	3.688805e-05	3.830383e-05	-7.078921e-07	2.939886e-19	-5.189803e-21	4.377736e-21	-3.000934e-21	7.378671e-21
34            	1.533629e+00	7.668143e-01	7.668143e-01	4.816244e-05	2.321487e-05	2.494757e-05	-8.663505e-07	2.931366e-19	-5.192791e-21	4.386031e-21	-2.999775e-21	7.385806e-21
34.5          	1.529561e+00	7.647807e-01	7.647807e-01	1.753395e-05	7.745512e-06	9.788440e-06	-1.021464e-06	2.923012e-19	-5.195148e-21	4.393172e-21	-2.998562e-21	7.391734e-21
35            	1.525694e+00	7.628470e-01	7.628470e-01	-1.958939e-05	-1.094550e-05	-8.643893e-06	-1.150802e-06	2.914892e-19	-5.198041e-21	4.400599e-21	-2.997741e-21	7.398340e-21
35.5          	1.521798e+00	7.608992e-01	7.608992e-01	-6.184221e-05	-3.217655e-05	-2.966567e-05	-1.255440e-06	2.906872e-19	-5.200504e-21	4.409641e-21	-2.995683e-21	7.405324e-21
36            	1.517982e+00	7.589911e-01	7.589911e-01	-1.107287e-04	-5.673804e-05	-5.399069e-05	-1.373675e-06	2.899049e-19	-5.201598e-21	4.419674e-21	-2.991761e-21	7.411435e-21
36.5          	1.514370e+00	7.571852e-01	7.571852e-01	-1.622140e-04	-8.254102e-05	-7.967301e-05	-1.434003e-06	2.891461e-19	-5.202673e-21	4.427382e-21	-2.988982e-21	7.416364e-21
37            	1.510680e+00	7.553402e-01	7.553402e-01	-2.202652e-04	-1.115685e-04	-1.086968e-04	-1.435849e-06	2.883992e-19	-5.203503e-21	4.436991e-21	-2.985007e-21	7.421998e-21
37.5          	1.507234e+00	7.536170e-01	7.536170e-01	-2.847311e-04	-1.436962e-04	-1.410349e-04	-1.330646e-06	2.876811e-19	-5.205978e-21	4.443782e-21	-2.984087e-21	7.427869e-21
38            	1.503921e+00	7.519605e-01	7.519605e-01	-3.402386e-04	-1.713812e-04	-1.688574e-04	-1.261931e-06	2.869758e-19	-5.205824e-21	4.452445e-21	-2.979602e-21	7.432047e-21
38.5          	1.500629e+00	7.503144e-01	7.503144e-01	-4.038742e-04	-2.031059e-04	-2.007683e-04	-1.168841e-06	2.862774e-19	-5.205739e-21	4.459580e-21	-2.975949e-21	7.435529e-21
39            	1.497302e+00	7.486512e-01	7.486512e-01	-4.562175e-04	-2.290676e-04	-2.271499e-04	-9.588299e-07	2.855903e-19	-5.207299e-21	4.467644e-21	-2.973477e-21	7.441121e-21
39.5          	1.494010e+00	7.470051e-01	7.470051e-01	-4.987420e-04	-2.499966e-04	-2.487454e-04	-6.255858e-07	2.849029e-19	-5.207184e-21	4.475242e-21	-2.969563e-21	7.444805e-21
40            	1.490918e+00	7.454588e-01	7.454588e-01	-5.428844e-04	-2.716679e-04	-2.712165e-04	-2.257089e-07	2.842293e-19	-5.207811e-21	4.480694e-21	-2.967464e-21	7.448158e-21
40.5          	1.487963e+00	7.439816e-01	7.439816e-01	-5.611227e-04	-2.803013e-04	-2.808214e-04	2.600060e-07	2.835728e-19	-5.210395e-21	4.483807e-21	-2.968492e-21	7.452298e-21
41            	1.485079e+00	7.425395e-01	7.425395e-01	-5.694869e-04	-2.839016e-04	-2.855854e-04	8.419110e-07	2.829339e-19	-5.212897e-21	4.486917e-21	-2.969438e-21	7.456355e-21
41.5          	1.482223e+00	7.411117e-01	7.411117e-01	-5.614994e-04	-2.792365e-04	-2.822629e-04	1.513212e-06	2.823089e-19	-5.216407e-21	4.488029e-21	-2.972392e-21	7.460422e-21
42            	1.479408e+00	7.397038e-01	7.397038e-01	-5.473054e-04	-2.714416e-04	-2.758638e-04	2.211102e-06	2.816970e-19	-5.220798e-21	4.486631e-21	-2.977483e-21	7.464114e-21
42.5          	1.476510e+00	7.382548e-01	7.382548e-01	-4.722397e-04	-2.330862e-04	-2.391535e-04	3.033655e-06	2.810879e-19	-5.226591e-21	4.484915e-21	-2.984134e-21	7.469049e-21
43            	1.473693e+00	7.368465e-01	7.368465e-01	-3.965084e-04	-1.944213e-04	-2.020871e-04	3.832924e-06	2.804836e-19	-5.233627e-21	4.479916e-21	-2.993669e-21	7.473585e-21
43.5          	1.470991e+00	7.354955e-01	7.354955e-01	-2.823134e-04	-1.365751e-04	-1.457384e-04	4.581630e-06	2.798962e-19	-5.242147e-21	4.471848e-21	-3.006223e-21	7.478071e-21
44            	1.468295e+00	7.341474e-01	7.341474e-01	-1.564088e-04	-7.292048e-05	-8.348835e-05	5.283937e-06	2.793168e-19	-5.253214e-21	4.461151e-21	-3.022638e-21	7.483789e-21
44.5          	1.465738e+00	7.328690e-01	7.328690e-01	2.068365e-05	1.627504e-05	4.408610e-06	5.933216e-06	2.787542e-19	-5.267191e-21	4.446887e-21	-3.043748e-21	7.490635e-21
45            	1.463179e+00	7.315895e-01	7.315895e-01	2.168450e-04	1.148637e-04	1.019812e-04	6.441265e-06	2.781991e-19	-5.282621e-21	4.430566e-21	-3.067338e-21	7.497904e-21
45.5          	1.460705e+00	7.303525e-01	7.303525e-01	4.401199e-04	2.268967e-04	2.132233e-04	6.836701e-06	2.776555e-19	-5.300688e-21	4.411308e-21	-3.095034e-21	7.506342e-21
46            	1.458158e+00	7.290792e-01	7.290792e-01	6.933291e-04	3.537120e-04	3.396171e-04	7.047423e-06	2.771168e-19	-5.319292e-21	4.390373e-21	-3.124105e-21	7.514479e-21
46.5          	1.455604e+00	7.278022e-01	7.278022e-01	9.660887e-04	4.900020e-04	4.760867e-04	6.957642e-06	2.765804e-19	-5.341891e-21	4.369343e-21	-3.157220e-21	7.526562e-21
47            	1.453219e+00	7.266093e-01	7.266093e-01	1.250919e-03	6.321679e-04	6.187507e-04	6.708564e-06	2.760582e-19	-5.364507e-21	4.344844e-21	-3.192085e-21	7.536928e-21
47.5          	1.450851e+00	7.254255e-01	7.254255e-01	1.547380e-03	7.798344e-04	7.675458e-04	6.144290e-06	2.755439e-19	-5.389263e-21	4.319171e-21	-3.229677e-21	7.548848e-21
48            	1.448475e+00	7.242373e-01	7.242373e-01	1.846381e-03	9.284080e-04	9.179728e-04	5.217567e-06	2.750390e-19	-5.413949e-21	4.293938e-21	-3.266980e-21	7.560918e-21
48.5          	1.446153e+00	7.230765e-01	7.230765e-01	2.132793e-03	1.070336e-03	1.062457e-03	3.939564e-06	2.745425e-19	-5.440684e-21	4.268206e-21	-3.306581e-21	7.574787e-21
49            	1.443900e+00	7.219502e-01	7.219502e-01	2.391642e-03	1.198157e-03	1.193485e-03	2.336215e-06	2.740559e-19	-5.466700e-21	4.243937e-21	-3.344731e-21	7.588668e-21
49.5          	1.441578e+00	7.207888e-01	7.207888e-01	2.650377e-03	1.325549e-03	1.324828e-03	3.603866e-07	2.735710e-19	-5.492335e-21	4.223739e-21	-3.380466e-21	7.604205e-21
50            	1.439417e+00	7.197083e-01	7.197083e-01	2.824044e-03	1.409981e-03	1.414064e-03	-2.041661e-06	2.730986e-19	-5.515106e-21	4.205745e-21	-3.412233e-21	7.617978e-21
50.5          	1.437139e+00	7.185694e-01	7.185694e-01	2.960000e-03	1.475189e-03	1.484811e-03	-4.811029e-06	2.726244e-19	-5.535569e-21	4.194976e-21	-3.438080e-21	7.633057e-21
51            	1.434961e+00	7.174804e-01	7.174804e-01	3.031770e-03	1.508047e-03	1.523723e-03	-7.838127e-06	2.721591e-19	-5.552695e-21	4.188995e-21	-3.458197e-21	7.647192e-21
51.5          	1.432873e+00	7.164363e-01	7.164363e-01	2.980264e-03	1.478901e-03	1.501363e-03	-1.123121e-05	2.717048e-19	-5.563539e-21	4.191531e-21	-3.467774e-21	7.659305e-21
52            	1.430759e+00	7.153796e-01	7.153796e-01	2.850843e-03	1.410717e-03	1.440127e-03	-1.470505e-05	2.712556e-19	-5.569129e-21	4.203599e-21	-3.467330e-21	7.670929e-21
52.5          	1.428683e+00	7.143414e-01	7.143414e-01	2.608187e-03	1.285775e-03	1.322412e-03	-1.831839e-05	2.708117e-19	-5.567720e-21	4.224844e-21	-3.455298e-21	7.680141e-21
53            	1.426673e+00	7.133365e-01	7.133365e-01	2.265854e-03	1.110936e-03	1.154918e-03	-2.199092e-05	2.703767e-19	-5.560048e-21	4.255358e-21	-3.432369e-21	7.687727e-21
53.5          	1.424648e+00	7.123240e-01	7.123240e-01	1.728502e-03	8.386402e-04	8.898621e-04	-2.561095e-05	2.699456e-19	-5.543048e-21	4.298663e-21	-3.393717e-21	7.692380e-21
54            	1.422667e+00	7.113334e-01	7.113334e-01	1.096296e-03	5.191347e-04	5.771612e-04	-2.901330e-05	2.695201e-19	-5.516285e-21	4.355246e-21	-3.338662e-21	7.693908e-21
54.5          	1.420704e+00	7.103521e-01	7.103521e-01	2.859027e-04	1.109568e-04	1.749459e-04	-3.199454e-05	2.691012e-19	-5.478677e-21	4.423779e-21	-3.266787e-21	7.690566e-21
55            	1.418718e+00	7.093590e-01	7.093590e-01	-6.317836e-04	-3.503226e-04	-2.814609e-04	-3.443085e-05	2.686824e-19	-5.429817e-21	4.507645e-21	-3.175994e-21	7.683639e-21
55.5          	1.416824e+00	7.084122e-01	7.084122e-01	-1.712187e-03	-8.920062e-04	-8.201812e-04	-3.591252e-05	2.682740e-19	-5.368328e-21	4.603433e-21	-3.066612e-21	7.670044e-21
56            	1.414947e+00	7.074736e-01	7.074736e-01	-2.948266e-03	-1.510600e-03	-1.437666e-03	-3.646689e-05	2.678699e-19	-5.295693e-21	4.712668e-21	-2.939359e-21	7.652027e-21
56.5          	1.413053e+00	7.065264e-01	7.065264e-01	-4.288815e-03	-2.180288e-03	-2.108528e-03	-3.587990e-05	2.674711e-19	-5.212067e-21	4.832865e-21	-2.795635e-21	7.628500e-21
57            	1.411209e+00	7.056044e-01	7.056044e-01	-5.693025e-03	-2.880431e-03	-2.812594e-03	-3.391892e-05	2.670765e-19	-5.119038e-21	4.960219e-21	-2.638928e-21	7.599147e-21
57.5          	1.409350e+00	7.046752e-01	7.046752e-01	-7.205587e-03	-3.633218e-03	-3.572369e-03	-3.042432e-05	2.666855e-19	-5.016092e-21	5.097807e-21	-2.467188e-21	7.564995e-21
58            	1.407567e+00	7.037835e-01	7.037835e-01	-8.724883e-03	-4.387741e-03	-4.337141e-03	-2.529987e-05	2.663015e-19	-4.904368e-21	5.239255e-21	-2.284740e-21	7.523995e-21
58.5          	1.405784e+00	7.028919e-01	7.028919e-01	-1.025036e-02	-5.143596e-03	-5.106760e-03	-1.841840e-05	2.659222e-19	-4.787890e-21	5.379573e-21	-2.098103e-21	7.477676e-21
59            	1.404057e+00	7.020287e-01	7.020287e-01	-1.175767e-02	-5.888553e-03	-5.869119e-03	-9.716774e-06	2.655501e-19	-4.668580e-21	5.516343e-21	-1.910409e-21	7.426752e-21
59.5          	1.402271e+00	7.011353e-01	7.011353e-01	-1.311371e-02	-6.556106e-03	-6.557604e-03	7.488531e-07	2.651773e-19	-4.549683e-21	5.646734e-21	-1.726316e-21	7.373050e-21
60            	1.400551e+00	7.002753e-01	7.002753e-01	-1.437528e-02	-7.174624e-03	-7.200651e-03	1.301333e-05	2.648115e-19	-4.432354e-21	5.765054e-21	-1.549827e-21	7.314881e-21
60.5          	1.398859e+00	6.994297e-01	6.994297e-01	-1.537148e-02	-7.658534e-03	-7.712949e-03	2.720735e-05	2.644512e-19	-4.323757e-21	5.863713e-21	-1.391900e-21	7.255613e-21
61            	1.397156e+00	6.985781e-01	6.985781e-01	-1.606783e-02	-7.990764e-03	-8.077061e-03	4.314843e-05	2.640933e-19	-4.228150e-21	5.938056e-21	-1.259122e-21	7.197178e-21
61.5          	1.395481e+00	6.977405e-01	6.977405e-01	-1.638752e-02	-8.133274e-03	-8.254245e-03	6.048513e-05	2.637397e-19	-4.150419e-21	5.980692e-21	-1.160073e-21	7.140765e-21
62            	1.393848e+00	6.969238e-01	6.969238e-01	-1.632913e-02	-8.085639e-03	-8.243486e-03	7.892344e-05	2.633926e-19	-4.095147e-21	5.984773e-21	-1.102761e-21	7.087534e-21
62.5          	1.392206e+00	6.961029e-01	6.961029e-01	-1.573410e-02	-7.769190e-03	-7.964914e-03	9.786225e-05	2.630479e-19	-4.066918e-21	5.947162e-21	-1.093337e-21	7.040499e-21
63            	1.390627e+00	6.953134e-01	6.953134e-01	-1.455159e-02	-7.158830e-03	-7.392763e-03	1.169665e-04	2.627096e-19	-4.074861e-21	5.858768e-21	-1.145477e-21	7.004245e-21
63.5          	1.389010e+00	6.945052e-01	6.945052e-01	-1.280712e-02	-6.267745e-03	-6.539372e-03	1.358135e-04	2.623738e-19	-4.119717e-21	5.718406e-21	-1.260514e-21	6.978921e-21
64            	1.387449e+00	6.937245e-01	6.937245e-01	-1.037249e-02	-5.032592e-03	-5.339897e-03	1.536525e-04	2.620436e-19	-4.207433e-21	5.519866e-21	-1.447500e-21	6.967366e-21
64.5          	1.385864e+00	6.929320e-01	6.929320e-01	-7.256778e-03	-3.458476e-03	-3.798302e-03	1.699128e-04	2.617145e-19	-4.342557e-21	5.258557e-21	-1.713278e-21	6.971836e-21
65            	1.384353e+00	6.921763e-01	6.921763e-01	-3.400336e-03	-1.516602e-03	-1.883734e-03	1.835661e-04	2.613913e-19	-4.528555e-21	4.931579e-21	-2.062766e-21	6.994345e-21
65.5          	1.382842e+00	6.914211e-01	6.914211e-01	1.157083e-03	7.723790e-04	3.847044e-04	1.938373e-04	2.610727e-19	-4.767748e-21	4.544614e-21	-2.495441e-21	7.040055e-21
66            	1.381319e+00	6.906593e-01	6.906593e-01	6.422860e-03	3.411363e-03	3.011497e-03	1.999328e-04	2.607585e-19	-5.063201e-21	4.094381e-21	-3.016010e-21	7.110391e-21
66.5          	1.379830e+00	6.899151e-01	6.899151e-01	1.239820e-02	6.399859e-03	5.998345e-03	2.007573e-04	2.604470e-19	-5.417041e-21	3.581506e-21	-3.626288e-21	7.207794e-21
67            	1.378374e+00	6.891870e-01	6.891870e-01	1.896449e-02	9.678039e-03	9.286446e-03	1.957967e-04	2.601374e-19	-5.831440e-21	3.004921e-21	-4.328980e-21	7.333900e-21
67.5          	1.376933e+00	6.884663e-01	6.884663e-01	2.607676e-02	1.322242e-02	1.285434e-02	1.840356e-04	2.598303e-19	-6.301554e-21	2.376821e-21	-5.113144e-21	7.489965e-21
68            	1.375539e+00	6.877697e-01	6.877697e-01	3.371555e-02	1.702230e-02	1.669325e-02	1.645231e-04	2.595284e-19	-6.826557e-21	1.702585e-21	-5.975265e-21	7.677850e-21
68.5          	1.374122e+00	6.870609e-01	6.870609e-01	4.160518e-02	2.093918e-02	2.066600e-02	1.365915e-04	2.592280e-19	-7.397518e-21	9.964268e-22	-6.899305e-21	7.895732e-21
69            	1.372769e+00	6.863844e-01	6.863844e-01	4.960578e-02	2.490230e-02	2.470347e-02	9.941497e-05	2.589336e-19	-8.003732e-21	2.760013e-22	-7.865732e-21	8.141733e-21
69.5          	1.371443e+00	6.857217e-01	6.857217e-01	5.754978e-02	2.882755e-02	2.872223e-02	5.266311e-05	2.586447e-19	-8.637132e-21	-4.446220e-22	-8.859443e-21	8.414821e-21
70            	1.370123e+00	6.850614e-01	6.850614e-01	6.516806e-02	3.258008e-02	3.258798e-02	-3.952062e-06	2.583557e-19	-9.281850e-21	-1.139633e-21	-9.851666e-21	8.712033e-21
70.5          	1.368911e+00	6.844555e-01	6.844555e-01	7.216914e-02	3.601434e-02	3.615481e-02	-7.023562e-05	2.580775e-19	-9.920968e-21	-1.786801e-21	-1.081437e-20	9.027567e-21
71            	1.367702e+00	6.838510e-01	6.838510e-01	7.824306e-02	3.897568e-02	3.926739e-02	-1.458547e-04	2.578000e-19	-1.053862e-20	-2.361725e-21	-1.171948e-20	9.357760e-21
71.5          	1.366609e+00	6.833043e-01	6.833043e-01	8.320010e-02	4.137010e-02	4.183000e-02	-2.299500e-04	2.575291e-19	-1.111354e-20	-2.836652e-21	-1.253187e-20	9.695218e-21
72            	1.365557e+00	6.827784e-01	6.827784e-01	8.658789e-02	4.297246e-02	4.361543e-02	-3.214873e-04	2.572585e-19	-1.162801e-20	-3.186336e-21	-1.322118e-20	1.003485e-20
72.5          	1.364577e+00	6.822885e-01	6.822885e-01	8.811805e-02	4.364046e-02	4.447760e-02	-4.185700e-04	2.569924e-19	-1.205245e-20	-3.377267e-21	-1.374108e-20	1.036381e-20
73            	1.363522e+00	6.817612e-01	6.817612e-01	8.744255e-02	4.320197e-02	4.424058e-02	-5.193072e-04	2.567229e-19	-1.236812e-20	-3.389220e-21	-1.406273e-20	1.067351e-20
73.5          	1.362508e+00	6.812542e-01	6.812542e-01	8.423335e-02	4.149477e-02	4.273858e-02	-6.219060e-04	2.564506e-19	-1.254272e-20	-3.179780e-21	-1.413261e-20	1.095283e-20
74            	1.361585e+00	6.807923e-01	6.807923e-01	7.823125e-02	3.839212e-02	3.983914e-02	-7.235112e-04	2.561800e-19	-1.255215e-20	-2.729517e-21	-1.391691e-20	1.118739e-20
74.5          	1.360736e+00	6.803678e-01	6.803678e-01	6.914366e-02	3.375068e-02	3.539298e-02	-8.211541e-04	2.559056e-19	-1.237043e-20	-2.009456e-21	-1.337515e-20	1.136570e-20
75            	1.359925e+00	6.799624e-01	6.799624e-01	5.677382e-02	2.747556e-02	2.929827e-02	-9.113568e-04	2.556269e-19	-1.196923e-20	-9.973882e-22	-1.246792e-20	1.147053e-20
75.5          	1.359136e+00	6.795679e-01	6.795679e-01	4.093221e-02	1.947576e-02	2.145645e-02	-9.903427e-04	2.553563e-19	-1.133920e-20	3.209983e-22	-1.117870e-20	1.149970e-20
76            	1.358422e+00	6.792111e-01	6.792111e-01	2.140841e-02	9.650495e-03	1.175791e-02	-1.053709e-03	2.550879e-19	-1.045160e-20	1.948661e-21	-9.477272e-21	1.142593e-20
76.5          	1.357842e+00	6.789212e-01	6.789212e-01	-1.680809e-03	-1.936996e-03	2.561878e-04	-1.096592e-03	2.548269e-19	-9.296796e-21	3.891771e-21	-7.350910e-21	1.124268e-20
77            	1.357322e+00	6.786609e-01	6.786609e-01	-2.852868e-02	-1.537855e-02	-1.315013e-02	-1.114208e-03	2.545739e-19	-7.848062e-21	6.152506e-21	-4.771809e-21	1.092432e-20
77.5          	1.357057e+00	6.785287e-01	6.785287e-01	-5.875170e-02	-3.047699e-02	-2.827472e-02	-1.101136e-03	2.543362e-19	-6.110301e-21	8.723073e-21	-1.748764e-21	1.047184e-20
78            	1.356860e+00	6.784298e-01	6.784298e-01	-9.187868e-02	-4.699119e-02	-4.488750e-02	-1.051844e-03	2.541053e-19	-4.072816e-21	1.158758e-20	1.720976e-21	9.866609e-21
78.5          	1.357088e+00	6.785439e-01	6.785439e-01	-1.278560e-01	-6.489095e-02	-6.296506e-02	-9.629453e-04	2.539090e-19	-1.780728e-21	1.467744e-20	5.557994e-21	9.119449e-21
79            	1.357550e+00	6.787752e-01	6.787752e-01	-1.660913e-01	-8.387533e-02	-8.221600e-02	-8.296652e-04	2.537421e-19	7.597196e-22	1.796086e-20	9.740151e-21	8.220712e-21
79.5          	1.358717e+00	6.793587e-01	6.793587e-01	-2.053507e-01	-1.033236e-01	-1.020271e-01	-6.482226e-04	2.536312e-19	3.480102e-21	2.133515e-20	1.414768e-20	7.187473e-21
80            	1.360230e+00	6.801151e-01	6.801151e-01	-2.453862e-01	-1.231088e-01	-1.222773e-01	-4.157396e-04	2.535631e-19	6.408683e-21	2.479965e-20	1.880851e-20	5.991143e-21
80.5          	1.362291e+00	6.811455e-01	6.811455e-01	-2.845355e-01	-1.423981e-01	-1.421375e-01	-1.302860e-04	2.535460e-19	9.405988e-21	2.817319e-20	2.349258e-20	4.680608e-21
81            	1.365017e+00	6.825083e-01	6.825083e-01	-3.219992e-01	-1.607937e-01	-1.612054e-01	2.058295e-04	2.535873e-19	1.245017e-20	3.140721e-20	2.815378e-20	3.253436e-21
81.5          	1.368646e+00	6.843229e-01	6.843229e-01	-3.565026e-01	-1.776547e-01	-1.788479e-01	5.966276e-04	2.536941e-19	1.548529e-20	3.440531e-20	3.268794e-20	1.717364e-21
82            	1.372357e+00	6.861787e-01	6.861787e-01	-3.868970e-01	-1.924121e-01	-1.944849e-01	1.036362e-03	2.538329e-19	1.839343e-20	3.702329e-20	3.690508e-20	1.182143e-22
82.5          	1.377333e+00	6.886664e-01	6.886664e-01	-4.114156e-01	-2.041909e-01	-2.072246e-01	1.516841e-03	2.540485e-19	2.111862e-20	3.916212e-20	4.069968e-20	-1.537560e-21
83            	1.382501e+00	6.912504e-01	6.912504e-01	-4.285179e-01	-2.122301e-01	-2.162878e-01	2.028853e-03	2.542996e-19	2.353266e-20	4.068342e-20	4.387437e-20	-3.190945e-21
83.5          	1.388180e+00	6.940899e-01	6.940899e-01	-4.369362e-01	-2.159032e-01	-2.210331e-01	2.564966e-03	2.545557e-19	2.559596e-20	4.150751e-20	4.634972e-20	-4.842210e-21
84            	1.393844e+00	6.969219e-01	6.969219e-01	-4.355604e-01	-2.146628e-01	-2.208975e-01	3.117363e-03	2.548000e-19	2.716002e-20	4.146581e-20	4.789292e-20	-6.427117e-21
84.5          	1.399425e+00	6.997125e-01	6.997125e-01	-4.228402e-01	-2.077501e-01	-2.150901e-01	3.669991e-03	2.550271e-19	2.816009e-20	4.052395e-20	4.842207e-20	-7.898115e-21
85            	1.404843e+00	7.024216e-01	7.024216e-01	-3.973284e-01	-1.944573e-01	-2.028711e-01	4.206937e-03	2.551818e-19	2.836267e-20	3.841950e-20	4.757242e-20	-9.152923e-21
85.5          	1.410059e+00	7.050295e-01	7.050295e-01	-3.586029e-01	-1.745923e-01	-1.840106e-01	4.709140e-03	2.553453e-19	2.785871e-20	3.529931e-20	4.550837e-20	-1.020906e-20
86            	1.415328e+00	7.076639e-01	7.076639e-01	-3.045874e-01	-1.471342e-01	-1.574532e-01	5.159465e-03	2.554954e-19	2.647919e-20	3.098862e-20	4.197351e-20	-1.098488e-20
86.5          	1.420106e+00	7.100529e-01	7.100529e-01	-2.356881e-01	-1.123045e-01	-1.233836e-01	5.539542e-03	2.555833e-19	2.424094e-20	2.559227e-20	3.703707e-20	-1.144480e-20
87            	1.425048e+00	7.125242e-01	7.125242e-01	-1.516176e-01	-6.999410e-02	-8.162353e-02	5.814714e-03	2.556977e-19	2.100498e-20	1.897149e-20	3.049072e-20	-1.151923e-20
87.5          	1.430892e+00	7.154462e-01	7.154462e-01	-5.209485e-02	-2.008942e-02	-3.200543e-02	5.958008e-03	2.559076e-19	1.690555e-20	1.134445e-20	2.257777e-20	-1.123332e-20
88            	1.438687e+00	7.193436e-01	7.193436e-01	6.185312e-02	3.686373e-02	2.498939e-02	5.937173e-03	2.564050e-19	1.198143e-20	2.875793e-21	1.341933e-20	-1.054354e-20
88.5          	1.449035e+00	7.245176e-01	7.245176e-01	1.872647e-01	9.934926e-02	8.791542e-02	5.716920e-03	2.571506e-19	6.210420e-21	-6.451482e-21	2.984678e-21	-9.436161e-21
89            	1.463740e+00	7.318701e-01	7.318701e-01	3.216484e-01	1.660803e-01	1.555681e-01	5.256098e-03	2.584113e-19	-2.561260e-22	-1.624768e-20	-8.379966e-21	-7.867714e-21
89.5          	1.483660e+00	7.418301e-01	7.418301e-01	4.609328e-01	2.349777e-01	2.259551e-01	4.511294e-03	2.602993e-19	-7.216525e-21	-2.627067e-20	-2.035186e-20	-5.918811e-21
90            	1.509968e+00	7.549842e-01	7.549842e-01	6.022637e-01	3.045765e-01	2.976872e-01	3.444630e-03	2.629404e-19	-1.441071e-20	-3.606010e-20	-3.244076e-20	-3.619343e-21
90.5          	1.543255e+00	7.716277e-01	7.716277e-01	7.383497e-01	3.712023e-01	3.671474e-01	2.027489e-03	2.664144e-19	-2.153654e-20	-4.512878e-20	-4.410093e-20	-1.027843e-21
91            	1.584169e+00	7.920846e-01	7.920846e-01	8.653733e-01	4.329381e-01	4.324352e-01	2.514559e-04	2.708428e-19	-2.844879e-20	-5.316963e-20	-5.503361e-20	1.863975e-21
91.5          	1.632334e+00	8.161669e-01	8.161669e-01	9.750391e-01	4.856559e-01	4.893831e-01	-1.863596e-03	2.761508e-19	-3.465386e-20	-5.947243e-20	-6.439008e-20	4.917650e-21
92            	1.689051e+00	8.445253e-01	8.445253e-01	1.060848e+00	5.261687e-01	5.346796e-01	-4.255449e-03	2.823357e-19	-4.007481e-20	-6.380635e-20	-7.197799e-20	8.171637e-21
92.5          	1.750160e+00	8.750799e-01	8.750799e-01	1.115787e+00	5.510668e-01	5.647204e-01	-6.826822e-03	2.891483e-19	-4.419412e-20	-6.548633e-20	-7.693728e-20	1.145095e-20
93            	1.814165e+00	9.070825e-01	9.070825e-01	1.133314e+00	5.572137e-01	5.761007e-01	-9.443481e-03	2.962768e-19	-4.724874e-20	-6.472418e-20	-7.961083e-20	1.488664e-20
93.5          	1.876021e+00	9.380105e-01	9.380105e-01	1.108161e+00	5.421421e-01	5.660189e-01	-1.193838e-02	3.025194e-19	-4.938085e-20	-6.184810e-20	-8.030490e-20	1.845680e-20
94            	1.931670e+00	9.658351e-01	9.658351e-01	1.036152e+00	5.039585e-01	5.321937e-01	-1.411764e-02	3.075897e-19	-5.117636e-20	-5.748632e-20	-7.991952e-20	2.243320e-20
94.5          	1.980681e+00	9.903403e-01	9.903403e-01	9.107171e-01	4.395328e-01	4.711843e-01	-1.582573e-02	3.103301e-19	-5.294050e-20	-5.236986e-20	-7.912544e-20	2.675557e-20
95            	2.009362e+00	1.004681e+00	1.004681e+00	7.321051e-01	3.491148e-01	3.829903e-01	-1.693777e-02	3.100952e-19	-5.512903e-20	-4.709366e-20	-7.867586e-20	3.158220e-20
95.5          	2.022838e+00	1.011419e+00	1.011419e+00	4.928407e-01	2.290197e-01	2.638210e-01	-1.740068e-02	3.076359e-19	-5.659728e-20	-4.057972e-20	-7.688714e-20	3.630741e-20
96            	2.025779e+00	1.012889e+00	1.012889e+00	1.925318e-01	7.901123e-02	1.135206e-01	-1.725466e-02	3.046597e-19	-5.506364e-20	-3.024390e-20	-7.018559e-20	3.994169e-20
96.5          	2.030490e+00	1.015245e+00	1.015245e+00	-1.665015e-01	-9.984993e-02	-6.665159e-02	-1.659917e-02	3.045410e-19	-4.687303e-20	-1.158365e-20	-5.266486e-20	4.108121e-20
97            	2.057221e+00	1.028610e+00	1.028610e+00	-5.636362e-01	-2.972467e-01	-2.663895e-01	-1.542864e-02	3.098106e-19	-3.086131e-20	1.633511e-20	-2.269376e-20	3.902886e-20
97.5          	2.131702e+00	1.065851e+00	1.065851e+00	-9.581953e-01	-4.927051e-01	-4.654902e-01	-1.360743e-02	3.209360e-19	-1.067125e-20	4.890361e-20	1.378056e-20	3.512306e-20
98            	2.253710e+00	1.126855e+00	1.126855e+00	-1.287690e+00	-6.546905e-01	-6.329997e-01	-1.084544e-02	3.355486e-19	3.413319e-21	7.362089e-20	4.022377e-20	3.339713e-20
98.5          	2.406275e+00	1.203137e+00	1.203137e+00	-1.507548e+00	-7.606578e-01	-7.468905e-01	-6.883676e-03	3.521325e-19	4.891910e-21	8.213234e-20	4.595808e-20	3.617426e-20
99            	2.546020e+00	1.273010e+00	1.273010e+00	-1.570592e+00	-7.870803e-01	-7.835114e-01	-1.784467e-03	3.680912e-19	-5.638361e-21	7.389891e-20	3.131110e-20	4.258782e-20
99.5          	2.645967e+00	1.322983e+00	1.322983e+00	-1.471836e+00	-7.319463e-01	-7.398895e-01	3.971644e-03	3.815285e-19	-1.882839e-20	5.810438e-20	1.022380e-20	4.788058e-20
100           	2.687384e+00	1.343692e+00	1.343692e+00	-1.230040e+00	-6.054837e-01	-6.245560e-01	9.536194e-03	3.875260e-19	-2.270067e-20	4.804637e-20	1.322517e-21	4.672386e-20
100.5         	2.670655e+00	1.335327e+00	1.335327e+00	-8.662316e-01	-4.191361e-01	-4.470955e-01	1.397973e-02	3.847476e-19	-1.309693e-20	4.837495e-20	1.109055e-20	3.728441e-20
101           	2.615787e+00	1.307893e+00	1.307893e+00	-4.031650e-01	-1.847892e-01	-2.183758e-01	1.679328e-02	3.789502e-19	3.808097e-22	4.826650e-20	2.451406e-20	2.375244e-20
101.5         	2.567619e+00	1.283810e+00	1.283810e+00	1.407543e-01	8.834528e-02	5.240906e-02	1.796811e-02	3.772181e-19	3.253013e-21	3.249204e-20	1.949903e-20	1.299301e-20
102           	2.558703e+00	1.279352e+00	1.279352e+00	7.035614e-01	3.695480e-01	3.340134e-01	1.776728e-02	3.827371e-19	-1.157651e-20	-5.301260e-21	-1.422714e-20	8.925879e-21
102.5         	2.615035e+00	1.307517e+00	1.307517e+00	1.207430e+00	6.198987e-01	5.875310e-01	1.618386e-02	3.928756e-19	-3.336565e-20	-4.969612e-20	-5.821371e-20	8.517589e-21
103           	2.714478e+00	1.357239e+00	1.357239e+00	1.562898e+00	7.944006e-01	7.684978e-01	1.295138e-02	4.016692e-19	-4.326275e-20	-7.822966e-20	-8.237758e-20	4.147915e-21
103.5         	2.809305e+00	1.404653e+00	1.404653e+00	1.717408e+00	8.666753e-01	8.507329e-01	7.971222e-03	4.081913e-19	-3.691659e-20	-8.387630e-20	-7.885474e-20	-5.021561e-21
104           	2.870176e+00	1.435088e+00	1.435088e+00	1.666194e+00	8.348987e-01	8.312953e-01	1.801664e-03	4.142759e-19	-2.618125e-20	-7.814226e-20	-6.525238e-20	-1.288988e-20
104.5         	2.873212e+00	1.436606e+00	1.436606e+00	1.423014e+00	7.068909e-01	7.161230e-01	-4.616054e-03	4.180974e-19	-2.190434e-20	-7.223623e-20	-5.802246e-20	-1.421378e-20
105           	2.828389e+00	1.414194e+00	1.414194e+00	1.037228e+00	5.083483e-01	5.288802e-01	-1.026595e-02	4.169451e-19	-2.650740e-20	-6.832292e-20	-6.066885e-20	-7.654061e-21
105.5         	2.751003e+00	1.375502e+00	1.375502e+00	5.364376e-01	2.537187e-01	2.827189e-01	-1.450011e-02	4.109045e-19	-3.323040e-20	-6.068673e-20	-6.357376e-20	2.887034e-21
106           	2.673603e+00	1.336801e+00	1.336801e+00	-5.952405e-02	-4.672446e-02	-1.279959e-02	-1.696244e-02	4.039916e-19	-2.965365e-20	-3.747298e-20	-4.839013e-20	1.091716e-20
106.5         	2.641677e+00	1.320838e+00	1.320838e+00	-7.144845e-01	-3.748643e-01	-3.396202e-01	-1.762206e-02	4.012139e-19	-7.636326e-21	8.877314e-21	-3.197669e-21	1.207498e-20
107           	2.690572e+00	1.345286e+00	1.345286e+00	-1.339343e+00	-6.862298e-01	-6.531136e-01	-1.655809e-02	4.033986e-19	2.089981e-20	6.227507e-20	5.203735e-20	1.023772e-20
107.5         	2.815763e+00	1.407882e+00	1.407882e+00	-1.820698e+00	-9.239779e-01	-8.967200e-01	-1.362895e-02	4.070385e-19	3.268149e-20	9.580962e-20	8.058630e-20	1.522332e-20
108           	2.956526e+00	1.478263e+00	1.478263e+00	-2.067659e+00	-1.042729e+00	-1.024930e+00	-8.899918e-03	4.131222e-19	2.163651e-20	1.004903e-19	7.188165e-20	2.860863e-20
108.5         	3.068400e+00	1.534200e+00	1.534200e+00	-2.057854e+00	-1.031810e+00	-1.026044e+00	-2.882967e-03	4.229070e-19	2.012199e-21	8.861804e-20	4.632122e-20	4.229682e-20
109           	3.096260e+00	1.548130e+00	1.548130e+00	-1.814963e+00	-9.039481e-01	-9.110151e-01	3.533490e-03	4.306238e-19	-1.083619e-20	7.545286e-20	2.689024e-20	4.856262e-20
109.5         	3.041300e+00	1.520650e+00	1.520650e+00	-1.389927e+00	-6.857933e-01	-7.041340e-01	9.170356e-03	4.306897e-19	-9.311258e-21	6.917617e-20	2.527683e-20	4.389934e-20
110           	2.929181e+00	1.464590e+00	1.464590e+00	-8.174164e-01	-3.953539e-01	-4.220626e-01	1.335433e-02	4.219851e-19	1.785066e-21	6.561729e-20	3.459371e-20	3.102358e-20
110.5         	2.797270e+00	1.398635e+00	1.398635e+00	-1.228390e-01	-4.529260e-02	-7.754637e-02	1.612689e-02	4.103849e-19	7.523836e-21	5.089139e-20	3.296953e-20	1.792186e-20
111           	2.727224e+00	1.363612e+00	1.363612e+00	6.686161e-01	3.518688e-01	3.167473e-01	1.756078e-02	4.067745e-19	-1.111024e-20	4.951888e-21	-8.634294e-21	1.358618e-20
111.5         	2.780713e+00	1.390357e+00	1.390357e+00	1.469844e+00	7.525430e-01	7.173007e-01	1.762114e-02	4.128280e-19	-4.835930e-20	-6.328863e-20	-8.000361e-20	1.671498e-20
112           	2.951399e+00	1.475700e+00	1.475700e+00	2.102557e+00	1.067163e+00	1.035395e+00	1.588397e-02	4.196998e-19	-6.237030e-20	-1.049901e-19	-1.148653e-19	9.875259e-21
112.5         	3.156682e+00	1.578341e+00	1.578341e+00	2.432304e+00	1.227798e+00	1.204506e+00	1.164576e-02	4.284213e-19	-4.071244e-20	-1.035769e-19	-9.250091e-20	-1.107603e-20
113           	3.295284e+00	1.647642e+00	1.647642e+00	2.441377e+00	1.225901e+00	1.215476e+00	5.212660e-03	4.418725e-19	-7.829117e-21	-8.254571e-20	-4.910197e-20	-3.344374e-20
113.5         	3.321369e+00	1.660684e+00	1.660684e+00	2.183382e+00	1.089764e+00	1.093618e+00	-1.927083e-03	4.509750e-19	8.655600e-21	-6.939136e-20	-2.604008e-20	-4.335128e-20
114           	3.234807e+00	1.617404e+00	1.617404e+00	1.719814e+00	8.520255e-01	8.677890e-01	-7.881722e-03	4.451615e-19	-2.663755e-21	-7.636099e-20	-4.084425e-20	-3.551674e-20
114.5         	3.076215e+00	1.538107e+00	1.538107e+00	1.086281e+00	5.314111e-01	5.548702e-01	-1.172953e-02	4.288589e-19	-2.859211e-20	-9.060333e-20	-7.389377e-20	-1.670956e-20
115           	2.902937e+00	1.451468e+00	1.451468e+00	2.928127e-01	1.322459e-01	1.605668e-01	-1.416047e-02	4.138843e-19	-3.935611e-20	-7.985139e-20	-7.928180e-20	-5.695870e-22
115.5         	2.805591e+00	1.402795e+00	1.402795e+00	-6.168184e-01	-3.244715e-01	-2.923468e-01	-1.606236e-02	4.131895e-19	-8.766260e-21	-1.857488e-20	-1.805370e-20	-5.211817e-22
116           	2.868288e+00	1.434144e+00	1.434144e+00	-1.512506e+00	-7.735085e-01	-7.389976e-01	-1.725548e-02	4.186327e-19	4.018370e-20	6.541256e-20	7.288998e-20	-7.477420e-21
116.5         	3.061177e+00	1.530589e+00	1.530589e+00	-2.207537e+00	-1.120583e+00	-1.086954e+00	-1.681434e-02	4.194183e-19	4.965096e-20	1.046928e-19	1.019974e-19	2.695464e-21
117           	3.274729e+00	1.637365e+00	1.637365e+00	-2.561069e+00	-1.293845e+00	-1.267224e+00	-1.331027e-02	4.247625e-19	1.491219e-20	9.153459e-20	6.067949e-20	3.085510e-20
117.5         	3.406275e+00	1.703138e+00	1.703138e+00	-2.569565e+00	-1.291736e+00	-1.277829e+00	-6.953664e-03	4.388666e-19	-2.706745e-20	6.232228e-20	4.093691e-21	5.822859e-20
118           	3.414635e+00	1.707318e+00	1.707318e+00	-2.304514e+00	-1.151851e+00	-1.152663e+00	4.064156e-04	4.498793e-19	-4.512595e-20	4.852361e-20	-2.086415e-20	6.938775e-20
118.5         	3.310686e+00	1.655343e+00	1.655343e+00	-1.835933e+00	-9.115351e-01	-9.243974e-01	6.431183e-03	4.447967e-19	-2.843621e-20	6.184169e-20	2.484631e-21	5.935706e-20
119           	3.126952e+00	1.563476e+00	1.563476e+00	-1.185994e+00	-5.827474e-01	-6.032466e-01	1.024961e-02	4.282854e-19	6.453274e-21	8.597725e-20	4.944190e-20	3.653535e-20
119.5         	2.934626e+00	1.467313e+00	1.467313e+00	-3.718091e-01	-1.731559e-01	-1.986533e-01	1.274872e-02	4.145106e-19	2.507150e-20	8.343633e-20	6.678967e-20	1.664666e-20
120           	2.826255e+00	1.413128e+00	1.413128e+00	5.824764e-01	3.062920e-01	2.761844e-01	1.505378e-02	4.168152e-19	-5.899241e-21	2.042201e-20	4.311762e-21	1.611024e-20
120.5         	2.894299e+00	1.447149e+00	1.447149e+00	1.532447e+00	7.832328e-01	7.492146e-01	1.700908e-02	4.246456e-19	-6.099679e-20	-7.188663e-20	-9.694010e-20	2.505347e-20
121           	3.108711e+00	1.554356e+00	1.554356e+00	2.268268e+00	1.151510e+00	1.116758e+00	1.737643e-02	4.262850e-19	-7.378687e-20	-1.162658e-19	-1.319197e-19	1.565399e-20
121.5         	3.347142e+00	1.673571e+00	1.673571e+00	2.654787e+00	1.341728e+00	1.313059e+00	1.433458e-02	4.328760e-19	-3.887628e-20	-1.046209e-19	-9.118674e-20	-1.343419e-20
122           	3.492813e+00	1.746407e+00	1.746407e+00	2.676545e+00	1.346339e+00	1.330206e+00	8.066365e-03	4.487945e-19	7.368793e-21	-7.244664e-20	-2.885453e-20	-4.359212e-20
122.5         	3.501226e+00	1.750613e+00	1.750613e+00	2.418296e+00	1.209766e+00	1.208530e+00	6.182794e-04	4.594334e-19	2.856274e-20	-5.662072e-20	2.523754e-22	-5.687310e-20
123           	3.382258e+00	1.691129e+00	1.691129e+00	1.941761e+00	9.656070e-01	9.761540e-01	-5.273514e-03	4.515697e-19	9.171619e-21	-7.455138e-20	-2.810407e-20	-4.644731e-20
123.5         	3.184034e+00	1.592017e+00	1.592017e+00	1.278915e+00	6.306374e-01	6.482781e-01	-8.820352e-03	4.306779e-19	-3.021101e-20	-1.038099e-19	-8.211596e-20	-2.169395e-20
124           	2.971603e+00	1.485801e+00	1.485801e+00	4.316811e-01	2.045458e-01	2.271352e-01	-1.129471e-02	4.144856e-19	-4.929804e-20	-1.017765e-19	-1.001863e-19	-1.590195e-21
124.5         	2.858418e+00	1.429209e+00	1.429209e+00	-5.651814e-01	-2.965268e-01	-2.686546e-01	-1.393611e-02	4.189176e-19	-9.253203e-21	-2.795004e-20	-2.322822e-20	-4.721818e-21
125           	2.939619e+00	1.469810e+00	1.469810e+00	-1.552288e+00	-7.928363e-01	-7.594515e-01	-1.669241e-02	4.275545e-19	5.128990e-20	7.088971e-20	8.673475e-20	-1.584504e-20
125.5         	3.169914e+00	1.584957e+00	1.584957e+00	-2.315388e+00	-1.175484e+00	-1.139904e+00	-1.779009e-02	4.259323e-19	5.680161e-20	1.084871e-19	1.110452e-19	-2.558064e-21
126           	3.409518e+00	1.704759e+00	1.704759e+00	-2.713891e+00	-1.372024e+00	-1.341867e+00	-1.507827e-02	4.305780e-19	1.006825e-20	8.545491e-20	5.279571e-20	3.265920e-20
126.5         	3.553082e+00	1.776541e+00	1.776541e+00	-2.739514e+00	-1.378538e+00	-1.360977e+00	-8.780537e-03	4.471281e-19	-4.464353e-20	4.508616e-20	-2.210045e-20	6.718661e-20
127           	3.553573e+00	1.776786e+00	1.776786e+00	-2.477357e+00	-1.239931e+00	-1.237427e+00	-1.252211e-03	4.587110e-19	-6.636938e-20	2.962277e-20	-5.155800e-20	8.118076e-20
127.5         	3.422542e+00	1.711271e+00	1.711271e+00	-1.993806e+00	-9.923935e-01	-1.001413e+00	4.509494e-03	4.509528e-19	-4.083039e-20	5.585070e-20	-1.290504e-20	6.875574e-20
128           	3.211332e+00	1.605666e+00	1.605666e+00	-1.321990e+00	-6.531345e-01	-6.688552e-01	7.860342e-03	4.303378e-19	6.582933e-21	9.427611e-20	5.372099e-20	4.055512e-20
128.5         	2.988467e+00	1.494234e+00	1.494234e+00	-4.542615e-01	-2.167979e-01	-2.374636e-01	1.033285e-02	4.156552e-19	3.217367e-20	9.918482e-20	8.176608e-20	1.741874e-20
129           	2.877400e+00	1.438700e+00	1.438700e+00	5.711895e-01	2.987074e-01	2.724821e-01	1.311269e-02	4.251737e-19	-8.581948e-21	2.356978e-20	3.202945e-21	2.036684e-20
129.5         	2.964013e+00	1.482006e+00	1.482006e+00	1.578940e+00	8.057816e-01	7.731585e-01	1.631154e-02	4.364686e-19	-7.266125e-20	-8.007981e-20	-1.127012e-19	3.262135e-20
130           	3.201795e+00	1.600898e+00	1.600898e+00	2.355838e+00	1.195767e+00	1.160071e+00	1.784788e-02	4.354350e-19	-8.105751e-20	-1.215878e-19	-1.418514e-19	2.026359e-20
130.5         	3.446486e+00	1.723243e+00	1.723243e+00	2.766495e+00	1.398618e+00	1.367877e+00	1.537071e-02	4.407117e-19	-3.675978e-20	-1.017350e-19	-8.762730e-20	-1.410773e-20
131           	3.592614e+00	1.796307e+00	1.796307e+00	2.793510e+00	1.405883e+00	1.387627e+00	9.128006e-03	4.580286e-19	1.744041e-20	-6.282991e-20	-1.397454e-20	-4.885536e-20
131.5         	3.590424e+00	1.795212e+00	1.795212e+00	2.532763e+00	1.268013e+00	1.264750e+00	1.631454e-03	4.681662e-19	3.880764e-20	-4.838812e-20	1.461358e-20	-6.300171e-20
132           	3.455704e+00	1.727852e+00	1.727852e+00	2.045567e+00	1.018769e+00	1.026799e+00	-4.015043e-03	4.579811e-19	1.252894e-20	-7.594262e-20	-2.544237e-20	-5.050025e-20
132.5         	3.238538e+00	1.619269e+00	1.619269e+00	1.370626e+00	6.780962e-01	6.925302e-01	-7.217005e-03	4.340736e-19	-3.449865e-20	-1.138280e-19	-9.141266e-20	-2.241535e-20
133           	3.007343e+00	1.503671e+00	1.503671e+00	4.854931e-01	2.330858e-01	2.524073e-01	-9.660752e-03	4.182005e-19	-5.684834e-20	-1.150886e-19	-1.143926e-19	-6.959431e-22
133.5         	2.892509e+00	1.446254e+00	1.446254e+00	-5.545087e-01	-2.898253e-01	-2.646835e-01	-1.257090e-02	4.265782e-19	-8.243431e-21	-3.071462e-20	-2.360074e-20	-7.113879e-21
134           	2.983529e+00	1.491764e+00	1.491764e+00	-1.585393e+00	-8.088484e-01	-7.765451e-01	-1.615168e-02	4.355657e-19	5.953570e-20	7.681739e-20	9.794440e-20	-2.112701e-20
134.5         	3.225151e+00	1.612576e+00	1.612576e+00	-2.379541e+00	-1.207810e+00	-1.171731e+00	-1.803937e-02	4.311635e-19	6.197962e-20	1.121783e-19	1.180687e-19	-5.890494e-21
135           	3.475084e+00	1.737542e+00	1.737542e+00	-2.795037e+00	-1.413241e+00	-1.381796e+00	-1.572284e-02	4.346308e-19	8.074235e-21	8.235892e-20	4.925369e-20	3.310522e-20
135.5         	3.623810e+00	1.811905e+00	1.811905e+00	-2.827220e+00	-1.423076e+00	-1.404144e+00	-9.466209e-03	4.524743e-19	-5.176978e-20	3.770308e-20	-3.291824e-20	7.062131e-20
136           	3.619873e+00	1.809936e+00	1.809936e+00	-2.563419e+00	-1.283662e+00	-1.279757e+00	-1.952710e-03	4.631307e-19	-7.494872e-20	2.158433e-20	-6.415655e-20	8.574088e-20
136.5         	3.478344e+00	1.739172e+00	1.739172e+00	-2.077693e+00	-1.035225e+00	-1.042468e+00	3.621721e-03	4.535398e-19	-4.509488e-20	5.398815e-20	-1.810080e-20	7.208895e-20
137           	3.257075e+00	1.628537e+00	1.628537e+00	-1.392391e+00	-6.894897e-01	-7.029010e-01	6.705627e-03	4.300203e-19	8.466897e-21	9.961137e-20	5.827258e-20	4.133879e-20
137.5         	3.020148e+00	1.510074e+00	1.510074e+00	-4.971966e-01	-2.394713e-01	-2.577253e-01	9.127028e-03	4.165738e-19	3.702499e-20	1.078587e-19	9.095436e-20	1.690439e-20
138           	2.905287e+00	1.452644e+00	1.452644e+00	5.543862e-01	2.893176e-01	2.650686e-01	1.212452e-02	4.286601e-19	-9.515708e-21	2.503496e-20	3.001771e-21	2.203319e-20
138.5         	2.997181e+00	1.498590e+00	1.498590e+00	1.598540e+00	8.152603e-01	7.832796e-01	1.599033e-02	4.404725e-19	-7.808017e-20	-8.390956e-20	-1.200350e-19	3.612539e-20
139           	3.242493e+00	1.621247e+00	1.621247e+00	2.398201e+00	1.217216e+00	1.180986e+00	1.811516e-02	4.377735e-19	-8.404760e-20	-1.234315e-19	-1.457634e-19	2.233184e-20
139.5         	3.491742e+00	1.745871e+00	1.745871e+00	2.818964e+00	1.425387e+00	1.393578e+00	1.590440e-02	4.424944e-19	-3.428526e-20	-9.828980e-20	-8.343016e-20	-1.485964e-20
140           	3.640044e+00	1.820022e+00	1.820022e+00	2.850329e+00	1.434809e+00	1.415520e+00	9.644244e-03	4.608768e-19	2.352329e-20	-5.638226e-20	-4.667844e-21	-5.171442e-20
140.5         	3.633493e+00	1.816746e+00	1.816746e+00	2.585041e+00	1.294652e+00	1.290389e+00	2.131452e-03	4.704310e-19	4.533588e-20	-4.224047e-20	2.421565e-20	-6.645612e-20
141           	3.490467e+00	1.745234e+00	1.745234e+00	2.096424e+00	1.044826e+00	1.051598e+00	-3.386111e-03	4.587922e-19	1.481992e-20	-7.537337e-20	-2.286677e-20	-5.250660e-20
141.5         	3.265622e+00	1.632811e+00	1.632811e+00	1.407428e+00	6.973093e-01	7.101189e-01	-6.404788e-03	4.330591e-19	-3.714752e-20	-1.189140e-19	-9.660454e-20	-2.230950e-20
142           	3.027591e+00	1.513795e+00	1.513795e+00	5.044586e-01	2.434200e-01	2.610386e-01	-8.809311e-03	4.186449e-19	-6.041400e-20	-1.210324e-19	-1.209302e-19	-1.022009e-22
142.5         	2.912429e+00	1.456215e+00	1.456215e+00	-5.548817e-01	-2.893054e-01	-2.655763e-01	-1.186455e-02	4.297420e-19	-6.492293e-21	-3.011817e-20	-2.155138e-20	-8.566791e-21
143           	3.006315e+00	1.503158e+00	1.503158e+00	-1.605797e+00	-8.188072e-01	-7.869896e-01	-1.590878e-02	4.383481e-19	6.361237e-20	8.019827e-20	1.037115e-19	-2.351324e-20
143.5         	3.253628e+00	1.626814e+00	1.626814e+00	-2.409459e+00	-1.222917e+00	-1.186543e+00	-1.818691e-02	4.326323e-19	6.347455e-20	1.131999e-19	1.200745e-19	-6.874604e-21
144           	3.505174e+00	1.752587e+00	1.752587e+00	-2.831259e+00	-1.431668e+00	-1.399591e+00	-1.603826e-02	4.358330e-19	6.427541e-21	8.029787e-20	4.657647e-20	3.372139e-20
144.5         	3.653535e+00	1.826767e+00	1.826767e+00	-2.865668e+00	-1.442605e+00	-1.423062e+00	-9.771370e-03	4.540343e-19	-5.568517e-20	3.355896e-20	-3.890569e-20	7.246465e-20
145           	3.644373e+00	1.822186e+00	1.822186e+00	-2.598334e+00	-1.301427e+00	-1.296906e+00	-2.260688e-03	4.646483e-19	-7.866008e-20	1.832910e-20	-6.949553e-20	8.782463e-20
145.5         	3.500607e+00	1.750304e+00	1.750304e+00	-2.109876e+00	-1.051724e+00	-1.058152e+00	3.213850e-03	4.542241e-19	-4.633637e-20	5.351521e-20	-1.957877e-20	7.309398e-20
146           	3.273729e+00	1.636865e+00	1.636865e+00	-1.415541e+00	-7.015910e-01	-7.139505e-01	6.179728e-03	4.295470e-19	1.040805e-20	1.028265e-19	6.182128e-20	4.100518e-20
146.5         	3.032126e+00	1.516063e+00	1.516063e+00	-5.099900e-01	-2.464280e-01	-2.635620e-01	8.566995e-03	4.165160e-19	3.982716e-20	1.116747e-19	9.566450e-20	1.601019e-20
147           	2.916992e+00	1.458496e+00	1.458496e+00	5.559946e-01	2.896652e-01	2.663294e-01	1.166790e-02	4.306758e-19	-1.023073e-20	2.446652e-20	2.002527e-21	2.246400e-20
147.5         	3.013171e+00	1.506585e+00	1.506585e+00	1.610249e+00	8.209762e-01	7.892732e-01	1.585152e-02	4.421423e-19	-8.014048e-20	-8.615919e-20	-1.232201e-19	3.706089e-20
148           	3.261984e+00	1.630992e+00	1.630992e+00	2.417998e+00	1.227235e+00	1.190763e+00	1.823610e-02	4.386532e-19	-8.441099e-20	-1.240684e-19	-1.464452e-19	2.237678e-20
148.5         	3.514336e+00	1.757168e+00	1.757168e+00	2.837695e+00	1.434974e+00	1.402721e+00	1.612662e-02	4.434429e-19	-3.223083e-20	-9.662778e-20	-8.054472e-20	-1.608306e-20
149           	3.661483e+00	1.830741e+00	1.830741e+00	2.874019e+00	1.446859e+00	1.427161e+00	9.849049e-03	4.620491e-19	2.707389e-20	-5.332674e-20	4.105167e-22	-5.373726e-20
149.5         	3.650960e+00	1.825480e+00	1.825480e+00	2.605312e+00	1.304990e+00	1.300322e+00	2.333776e-03	4.716059e-19	4.870088e-20	-3.990246e-20	2.874965e-20	-6.865211e-20
150           	3.506018e+00	1.753009e+00	1.753009e+00	2.116105e+00	1.054942e+00	1.061163e+00	-3.110764e-03	4.592623e-19	1.637947e-20	-7.498740e-20	-2.111423e-20	-5.387317e-20
150.5         	3.277308e+00	1.638654e+00	1.638654e+00	1.419846e+00	7.038763e-01	7.159695e-01	-6.046596e-03	4.330360e-19	-3.770042e-20	-1.209828e-19	-9.819180e-20	-2.279096e-20
151           	3.034579e+00	1.517290e+00	1.517290e+00	5.111218e-01	2.471408e-01	2.639810e-01	-8.420101e-03	4.185909e-19	-6.189596e-20	-1.238507e-19	-1.238213e-19	-2.936599e-23
151.5         	2.919573e+00	1.459786e+00	1.459786e+00	-5.584387e-01	-2.907611e-01	-2.676776e-01	-1.154173e-02	4.311394e-19	-5.532611e-21	-2.986568e-20	-2.046545e-20	-9.400231e-21
152           	3.016825e+00	1.508412e+00	1.508412e+00	-1.613892e+00	-8.227507e-01	-7.911412e-01	-1.580473e-02	4.396861e-19	6.549012e-20	8.168507e-20	1.063327e-19	-2.464758e-20
152.5         	3.265998e+00	1.632999e+00	1.632999e+00	-2.424932e+00	-1.230719e+00	-1.194213e+00	-1.825264e-02	4.333663e-19	6.422305e-20	1.135990e-19	1.210226e-19	-7.423539e-21
153           	3.518608e+00	1.759304e+00	1.759304e+00	-2.844173e+00	-1.438257e+00	-1.405916e+00	-1.617012e-02	4.365384e-19	5.572231e-21	7.920797e-20	4.517621e-20	3.403175e-20
153.5         	3.665542e+00	1.832771e+00	1.832771e+00	-2.881222e+00	-1.450503e+00	-1.430719e+00	-9.892300e-03	4.547593e-19	-5.739871e-20	3.177600e-20	-4.151071e-20	7.328671e-20
154           	3.654920e+00	1.827460e+00	1.827460e+00	-2.611936e+00	-1.308346e+00	-1.303590e+00	-2.377745e-03	4.652089e-19	-8.026177e-20	1.695908e-20	-7.178223e-20	8.874131e-20
154.5         	3.509494e+00	1.754747e+00	1.754747e+00	-2.122247e+00	-1.058075e+00	-1.064171e+00	3.047829e-03	4.543332e-19	-4.677862e-20	5.359422e-20	-1.998151e-20	7.357573e-20
155           	3.279708e+00	1.639854e+00	1.639854e+00	-1.424700e+00	-7.063855e-01	-7.183143e-01	5.964414e-03	4.295398e-19	1.119509e-20	1.044028e-19	6.339651e-20	4.100633e-20
155.5         	3.036152e+00	1.518076e+00	1.518076e+00	-5.138977e-01	-2.486207e-01	-2.652770e-01	8.328152e-03	4.163914e-19	4.096875e-20	1.135165e-19	9.772701e-20	1.578951e-20
156           	2.921602e+00	1.460801e+00	1.460801e+00	5.582498e-01	2.905935e-01	2.676562e-01	1.146866e-02	4.314751e-19	-1.086588e-20	2.417083e-20	1.219540e-21	2.295129e-20
156.5         	3.019871e+00	1.509935e+00	1.509935e+00	1.615213e+00	8.233960e-01	7.918174e-01	1.578929e-02	4.428600e-19	-8.135312e-20	-8.718733e-20	-1.249468e-19	3.775945e-20
157           	3.269691e+00	1.634846e+00	1.634846e+00	2.428017e+00	1.232289e+00	1.195727e+00	1.828102e-02	4.389719e-19	-8.497688e-20	-1.244237e-19	-1.471888e-19	2.276501e-20
157.5         	3.522638e+00	1.761319e+00	1.761319e+00	2.847285e+00	1.439856e+00	1.407429e+00	1.621338e-02	4.437968e-19	-3.177603e-20	-9.600759e-20	-7.977982e-20	-1.622777e-20
158           	3.668836e+00	1.834418e+00	1.834418e+00	2.884691e+00	1.452275e+00	1.432416e+00	9.929796e-03	4.624883e-19	2.807799e-20	-5.222531e-20	1.965341e-21	-5.419065e-20
158.5         	3.657831e+00	1.828916e+00	1.828916e+00	2.614845e+00	1.309835e+00	1.305010e+00	2.412864e-03	4.719772e-19	4.971254e-20	-3.892608e-20	3.024950e-20	-6.917558e-20
159           	3.511750e+00	1.755875e+00	1.755875e+00	2.124982e+00	1.059490e+00	1.065492e+00	-3.001220e-03	4.593991e-19	1.669981e-20	-7.484433e-20	-2.072235e-20	-5.412198e-20
159.5         	3.280898e+00	1.640449e+00	1.640449e+00	1.426212e+00	7.072005e-01	7.190115e-01	-5.905477e-03	4.330053e-19	-3.839049e-20	-1.221442e-19	-9.946257e-20	-2.268159e-20
160           	3.037026e+00	1.518513e+00	1.518513e+00	5.140403e-01	2.487568e-01	2.652835e-01	-8.263324e-03	4.184666e-19	-6.274584e-20	-1.250075e-19	-1.252496e-19	2.420761e-22
160.5         	2.923057e+00	1.461528e+00	1.461528e+00	-5.597448e-01	-2.912890e-01	-2.684558e-01	-1.141657e-02	4.317038e-19	-5.148117e-21	-2.952152e-20	-1.990888e-20	-9.612645e-21
161           	3.021777e+00	1.510888e+00	1.510888e+00	-1.617521e+00	-8.245362e-01	-7.929850e-01	-1.577557e-02	4.401551e-19	6.618047e-20	8.241162e-20	1.073863e-19	-2.497466e-20
161.5         	3.271919e+00	1.635959e+00	1.635959e+00	-2.430752e+00	-1.233668e+00	-1.197084e+00	-1.829211e-02	4.335641e-19	6.425611e-20	1.136557e-19	1.210840e-19	-7.428242e-21
162           	3.524903e+00	1.762452e+00	1.762452e+00	-2.849772e+00	-1.441118e+00	-1.408654e+00	-1.623168e-02	4.368021e-19	4.899850e-21	7.857597e-20	4.418783e-20	3.438813e-20
162.5         	3.670831e+00	1.835416e+00	1.835416e+00	-2.887240e+00	-1.453564e+00	-1.433676e+00	-9.943883e-03	4.550537e-19	-5.842177e-20	3.081783e-20	-4.301286e-20	7.383069e-20
163           	3.659486e+00	1.829743e+00	1.829743e+00	-2.616986e+00	-1.310921e+00	-1.306066e+00	-2.427392e-03	4.654796e-19	-8.119680e-20	1.618428e-20	-7.310466e-20	8.928894e-20
163.5         	3.513025e+00	1.756512e+00	1.756512e+00	-2.127075e+00	-1.060561e+00	-1.066514e+00	2.976227e-03	4.544118e-19	-4.719636e-20	5.340742e-20	-2.049265e-20	7.390007e-20
164           	3.281609e+00	1.640804e+00	1.640804e+00	-1.427523e+00	-7.078902e-01	-7.196330e-01	5.871417e-03	4.294384e-19	1.162039e-20	1.053107e-19	6.427572e-20	4.103493e-20
164.5         	3.037555e+00	1.518778e+00	1.518778e+00	-5.144544e-01	-2.490031e-01	-2.654514e-01	8.224133e-03	4.162678e-19	4.145169e-20	1.143383e-19	9.862082e-20	1.571744e-20
165           	2.923859e+00	1.461930e+00	1.461930e+00	5.604473e-01	2.916086e-01	2.688387e-01	1.138495e-02	4.318681e-19	-1.122927e-20	2.393901e-20	7.402382e-22	2.319877e-20
165.5         	3.022921e+00	1.511461e+00	1.511461e+00	1.619025e+00	8.252807e-01	7.937439e-01	1.576838e-02	4.432264e-19	-8.201109e-20	-8.777858e-20	-1.259004e-19	3.812180e-20
166           	3.273331e+00	1.636665e+00	1.636665e+00	2.432572e+00	1.234588e+00	1.197984e+00	1.830189e-02	4.391524e-19	-8.521718e-20	-1.245983e-19	-1.475163e-19	2.291805e-20
166.5         	3.526423e+00	1.763211e+00	1.763211e+00	2.851602e+00	1.442047e+00	1.409554e+00	1.624655e-02	4.439998e-19	-3.155180e-20	-9.573349e-20	-7.941854e-20	-1.631495e-20
167           	3.672167e+00	1.836083e+00	1.836083e+00	2.888918e+00	1.454415e+00	1.434502e+00	9.956444e-03	4.627015e-19	2.852473e-20	-5.175451e-20	2.647472e-21	-5.440198e-20
167.5         	3.660609e+00	1.830304e+00	1.830304e+00	2.618380e+00	1.311629e+00	1.306751e+00	2.439205e-03	4.721668e-19	5.009518e-20	-3.858530e-20	3.080253e-20	-6.938783e-20
168           	3.513859e+00	1.756929e+00	1.756929e+00	2.128488e+00	1.061285e+00	1.067203e+00	-2.958523e-03	4.594420e-19	1.677086e-20	-7.486341e-20	-2.066084e-20	-5.420257e-20
168.5         	3.282093e+00	1.641046e+00	1.641046e+00	1.428291e+00	7.082974e-01	7.199933e-01	-5.847953e-03	4.329252e-19	-3.877838e-20	-1.227473e-19	-1.001520e-19	-2.259526e-20
169           	3.037929e+00	1.518964e+00	1.518964e+00	5.144739e-01	2.490387e-01	2.654352e-01	-8.198223e-03	4.184111e-19	-6.308218e-20	-1.254821e-19	-1.258232e-19	3.411260e-22
169.5         	2.924452e+00	1.462226e+00	1.462226e+00	-5.610620e-01	-2.918971e-01	-2.691649e-01	-1.136607e-02	4.319438e-19	-4.932960e-21	-2.932819e-20	-1.959706e-20	-9.731134e-21
170           	3.023846e+00	1.511923e+00	1.511923e+00	-1.620184e+00	-8.258586e-01	-7.943251e-01	-1.576676e-02	4.403515e-19	6.655019e-20	8.277999e-20	1.079402e-19	-2.516020e-20
170.5         	3.274472e+00	1.637236e+00	1.637236e+00	-2.433936e+00	-1.235278e+00	-1.198657e+00	-1.831041e-02	4.336508e-19	6.431937e-20	1.137069e-19	1.211728e-19	-7.465900e-21
171           	3.527635e+00	1.763818e+00	1.763818e+00	-2.852921e+00	-1.442717e+00	-1.410204e+00	-1.625622e-02	4.369203e-19	4.629698e-21	7.829822e-20	4.377881e-20	3.451941e-20
171.5         	3.673094e+00	1.836547e+00	1.836547e+00	-2.889909e+00	-1.454917e+00	-1.434992e+00	-9.962320e-03	4.551879e-19	-5.884444e-20	3.038723e-20	-4.365082e-20	7.403805e-20
172           	3.661304e+00	1.830652e+00	1.830652e+00	-2.619328e+00	-1.312109e+00	-1.307219e+00	-2.444823e-03	4.656025e-19	-8.153282e-20	1.588752e-20	-7.358906e-20	8.947658e-20
172.5         	3.514412e+00	1.757206e+00	1.757206e+00	-2.129284e+00	-1.061695e+00	-1.067589e+00	2.947120e-03	4.544240e-19	-4.729038e-20	5.338469e-20	-2.059804e-20	7.398273e-20
173           	3.282342e+00	1.641171e+00	1.641171e+00	-1.428575e+00	-7.084558e-01	-7.201190e-01	5.831585e-03	4.293633e-19	1.186146e-20	1.056987e-19	6.471081e-20	4.098790e-20
173.5         	3.038167e+00	1.519083e+00	1.519083e+00	-5.141797e-01	-2.489102e-01	-2.652694e-01	8.179605e-03	4.162201e-19	4.166691e-20	1.146479e-19	9.899084e-20	1.565701e-20
174           	2.924853e+00	1.462426e+00	1.462426e+00	5.617717e-01	2.922382e-01	2.695335e-01	1.135231e-02	4.320424e-19	-1.140519e-20	2.376412e-20	4.768685e-22	2.328725e-20
174.5         	3.024476e+00	1.512238e+00	1.512238e+00	1.621210e+00	8.263702e-01	7.948399e-01	1.576514e-02	4.433667e-19	-8.227849e-20	-8.806077e-20	-1.263089e-19	3.824810e-20
175           	3.275294e+00	1.637647e+00	1.637647e+00	2.435058e+00	1.235845e+00	1.199214e+00	1.831556e-02	4.392186e-19	-8.524823e-20	-1.246352e-19	-1.475658e-19	2.293062e-20
175.5         	3.528465e+00	1.764233e+00	1.764233e+00	2.853815e+00	1.443170e+00	1.410646e+00	1.626194e-02	4.440868e-19	-3.133356e-20	-9.551660e-20	-7.909186e-20	-1.642474e-20
176           	3.673708e+00	1.836854e+00	1.836854e+00	2.890547e+00	1.455239e+00	1.435308e+00	9.965826e-03	4.627992e-19	2.883320e-20	-5.145267e-20	3.106867e-21	-5.455954e-20
176.5         	3.661739e+00	1.830870e+00	1.830870e+00	2.619864e+00	1.312380e+00	1.307484e+00	2.448118e-03	4.722384e-19	5.030797e-20	-3.841039e-20	3.110277e-20	-6.951316e-20
177           	3.514700e+00	1.757350e+00	1.757350e+00	2.129666e+00	1.061893e+00	1.067773e+00	-2.940268e-03	4.594326e-19	1.679566e-20	-7.488952e-20	-2.064910e-20	-5.424042e-20
177.5         	3.282423e+00	1.641212e+00	1.641212e+00	1.428642e+00	7.084996e-01	7.201429e-01	-5.821672e-03	4.328560e-19	-3.897560e-20	-1.230342e-19	-1.004927e-19	-2.254150e-20
178           	3.038262e+00	1.519131e+00	1.519131e+00	5.138371e-01	2.487499e-01	2.650872e-01	-8.168650e-03	4.183760e-19	-6.322759e-20	-1.256751e-19	-1.260651e-19	3.900404e-22
178.5         	2.925104e+00	1.462552e+00	1.462552e+00	-5.623702e-01	-2.925299e-01	-2.698403e-01	-1.134481e-02	4.320614e-19	-4.774804e-21	-2.915164e-20	-1.935063e-20	-9.801018e-21
179           	3.024876e+00	1.512438e+00	1.512438e+00	-1.621979e+00	-8.267549e-01	-7.952244e-01	-1.576526e-02	4.404350e-19	6.674428e-20	8.300241e-20	1.082455e-19	-2.524308e-20
179.5         	3.275856e+00	1.637928e+00	1.637928e+00	-2.435856e+00	-1.236247e+00	-1.199609e+00	-1.831930e-02	4.336828e-19	6.432458e-20	1.137294e-19	1.211893e-19	-7.459890e-21
180           	3.529052e+00	1.764526e+00	1.764526e+00	-2.854489e+00	-1.443509e+00	-1.410980e+00	-1.626469e-02	4.369743e-19	4.456947e-21	7.813846e-20	4.352618e-20	3.461228e-20
180.5         	3.674178e+00	1.837089e+00	1.837089e+00	-2.891061e+00	-1.455497e+00	-1.435564e+00	-9.966204e-03	4.552536e-19	-5.907261e-20	3.017217e-20	-4.398653e-20	7.415870e-20
181           	3.662103e+00	1.831051e+00	1.831051e+00	-2.620290e+00	-1.312594e+00	-1.307696e+00	-2.448847e-03	4.656438e-19	-8.168849e-20	1.576076e-20	-7.380810e-20	8.956887e-20
181.5         	3.514943e+00	1.757471e+00	1.757471e+00	-2.129989e+00	-1.062059e+00	-1.067930e+00	2.935566e-03	4.544054e-19	-4.730232e-20	5.341313e-20	-2.059576e-20	7.400888e-20
182           	3.282510e+00	1.641255e+00	1.641255e+00	-1.428715e+00	-7.085435e-01	-7.201710e-01	5.813747e-03	4.292966e-19	1.201285e-20	1.059122e-19	6.496894e-20	4.094324e-20
182.5         	3.038337e+00	1.519168e+00	1.519168e+00	-5.135320e-01	-2.486067e-01	-2.649253e-01	8.159299e-03	4.161888e-19	4.177057e-20	1.147824e-19	9.916178e-20	1.562064e-20
183           	2.925290e+00	1.462645e+00	1.462645e+00	5.628632e-01	2.927700e-01	2.700932e-01	1.133837e-02	4.321220e-19	-1.152306e-20	2.362985e-20	2.918670e-22	2.333798e-20
183.5         	3.025253e+00	1.512626e+00	1.512626e+00	1.622642e+00	8.270859e-01	7.955558e-01	1.576507e-02	4.434228e-19	-8.242066e-20	-8.822477e-20	-1.265330e-19	3.830828e-20
184           	3.276321e+00	1.638160e+00	1.638160e+00	2.436459e+00	1.236551e+00	1.199908e+00	1.832187e-02	4.392390e-19	-8.524737e-20	-1.246472e-19	-1.475710e-19	2.292375e-20
184.5         	3.529486e+00	1.764743e+00	1.764743e+00	2.854910e+00	1.443722e+00	1.411188e+00	1.626694e-02	4.441273e-19	-3.119454e-20	-9.539022e-20	-7.888965e-20	-1.650057e-20
185           	3.674450e+00	1.837225e+00	1.837225e+00	2.891281e+00	1.455607e+00	1.435674e+00	9.966748e-03	4.628464e-19	2.900415e-20	-5.128986e-20	3.359217e-21	-5.464908e-20
185.5         	3.662246e+00	1.831123e+00	1.831123e+00	2.620375e+00	1.312637e+00	1.307738e+00	2.449360e-03	4.722631e-19	5.041626e-20	-3.832204e-20	3.125524e-20	-6.957728e-20
186           	3.514992e+00	1.757496e+00	1.757496e+00	2.129958e+00	1.062046e+00	1.067912e+00	-2.932800e-03	4.594099e-19	1.679166e-20	-7.492038e-20	-2.066853e-20	-5.425185e-20
186.5         	3.282453e+00	1.641227e+00	1.641227e+00	1.428545e+00	7.084626e-01	7.200821e-01	-5.809751e-03	4.327951e-19	-3.909657e-20	-1.231926e-19	-1.006929e-19	-2.249973e-20
187           	3.038293e+00	1.519147e+00	1.519147e+00	5.130924e-01	2.483912e-01	2.647012e-01	-8.155004e-03	4.183493e-19	-6.329322e-20	-1.257508e-19	-1.261686e-19	4.178121e-22
187.5         	2.925393e+00	1.462696e+00	1.462696e+00	-5.633795e-01	-2.930258e-01	-2.703537e-01	-1.133604e-02	4.321177e-19	-4.666360e-21	-2.901647e-20	-1.917459e-20	-9.841875e-21
188           	3.025445e+00	1.512722e+00	1.512722e+00	-1.623212e+00	-8.273721e-01	-7.958403e-01	-1.576590e-02	4.404682e-19	6.685439e-20	8.313897e-20	1.084239e-19	-2.528491e-20
188.5         	3.276600e+00	1.638300e+00	1.638300e+00	-2.436979e+00	-1.236813e+00	-1.200166e+00	-1.832325e-02	4.336919e-19	6.431129e-20	1.137379e-19	1.211803e-19	-7.442318e-21
189           	3.529763e+00	1.764882e+00	1.764882e+00	-2.855298e+00	-1.443916e+00	-1.411383e+00	-1.626658e-02	4.369961e-19	4.345396e-21	7.804062e-20	4.336571e-20	3.467492e-20
189.5         	3.674653e+00	1.837327e+00	1.837327e+00	-2.891538e+00	-1.455734e+00	-1.435804e+00	-9.964741e-03	4.552837e-19	-5.919204e-20	3.006395e-20	-4.416007e-20	7.422402e-20
190           	3.662396e+00	1.831198e+00	1.831198e+00	-2.620535e+00	-1.312716e+00	-1.307820e+00	-2.448065e-03	4.656551e-19	-8.175609e-20	1.570964e-20	-7.390127e-20	8.961091e-20
190.5         	3.515086e+00	1.757543e+00	1.757543e+00	-2.130044e+00	-1.062090e+00	-1.067954e+00	2.931669e-03	4.543807e-19	-4.728467e-20	5.345167e-20	-2.055883e-20	7.401050e-20
191           	3.282462e+00	1.641231e+00	1.641231e+00	-1.428502e+00	-7.084447e-01	-7.200577e-01	5.806468e-03	4.292447e-19	1.210937e-20	1.060330e-19	6.512588e-20	4.090714e-20
191.5         	3.038291e+00	1.519146e+00	1.519146e+00	-5.128418e-01	-2.482702e-01	-2.645717e-01	8.150769e-03	4.161634e-19	4.182247e-20	1.148406e-19	9.924279e-20	1.559785e-20
192           	2.925469e+00	1.462734e+00	1.462734e+00	5.637365e-01	2.932017e-01	2.705348e-01	1.133349e-02	4.321583e-19	-1.160695e-20	2.352651e-20	1.563087e-22	2.337021e-20
192.5         	3.025656e+00	1.512828e+00	1.512828e+00	1.623651e+00	8.275920e-01	7.960591e-01	1.576644e-02	4.434401e-19	-8.250059e-20	-8.832575e-20	-1.266635e-19	3.833772e-20
193           	3.276864e+00	1.638432e+00	1.638432e+00	2.437318e+00	1.236984e+00	1.200335e+00	1.832463e-02	4.392418e-19	-8.523776e-20	-1.246538e-19	-1.475647e-19	2.291086e-20
193.5         	3.529992e+00	1.764996e+00	1.764996e+00	2.855473e+00	1.444004e+00	1.411469e+00	1.626745e-02	4.441427e-19	-3.111274e-20	-9.531699e-20	-7.877124e-20	-1.654576e-20
194           	3.674763e+00	1.837382e+00	1.837382e+00	2.891584e+00	1.455757e+00	1.435828e+00	9.964428e-03	4.628656e-19	2.909407e-20	-5.120610e-20	3.491021e-21	-5.469713e-20
194.5         	3.662417e+00	1.831208e+00	1.831208e+00	2.620452e+00	1.312674e+00	1.307779e+00	2.447656e-03	4.722652e-19	5.046090e-20	-3.828396e-20	3.131892e-20	-6.960288e-20
195           	3.515043e+00	1.757521e+00	1.757521e+00	2.129882e+00	1.062010e+00	1.067872e+00	-2.930899e-03	4.593871e-19	1.677149e-20	-7.494876e-20	-2.070290e-20	-5.424587e-20
195.5         	3.282364e+00	1.641182e+00	1.641182e+00	1.428255e+00	7.083226e-01	7.199327e-01	-5.805048e-03	4.327514e-19	-3.916887e-20	-1.232742e-19	-1.008060e-19	-2.246824e-20
196           	3.038208e+00	1.519104e+00	1.519104e+00	5.124450e-01	2.480730e-01	2.643719e-01	-8.149460e-03	4.183269e-19	-6.332491e-20	-1.257779e-19	-1.262138e-19	4.359670e-22
196.5         	2.925504e+00	1.462752e+00	1.462752e+00	-5.641337e-01	-2.934002e-01	-2.707336e-01	-1.133330e-02	4.321414e-19	-4.593727e-21	-2.891897e-20	-1.905321e-20	-9.865757e-21
197           	3.025737e+00	1.512868e+00	1.512868e+00	-1.624054e+00	-8.277942e-01	-7.962596e-01	-1.576732e-02	4.404762e-19	6.691396e-20	8.322203e-20	1.085250e-19	-2.530295e-20
197.5         	3.276997e+00	1.638498e+00	1.638498e+00	-2.437618e+00	-1.237134e+00	-1.200484e+00	-1.832494e-02	4.336899e-19	6.429248e-20	1.137378e-19	1.211614e-19	-7.423585e-21
198           	3.530120e+00	1.765060e+00	1.765060e+00	-2.855695e+00	-1.444114e+00	-1.411581e+00	-1.626630e-02	4.370048e-19	4.272989e-21	7.798020e-20	4.326309e-20	3.471711e-20
198.5         	3.674858e+00	1.837429e+00	1.837429e+00	-2.891731e+00	-1.455828e+00	-1.435903e+00	-9.962090e-03	4.552949e-19	-5.926172e-20	3.000299e-20	-4.426023e-20	7.426322e-20
199           	3.662483e+00	1.831241e+00	1.831241e+00	-2.620517e+00	-1.312704e+00	-1.307813e+00	-2.445728e-03	4.656527e-19	-8.178451e-20	1.568867e-20	-7.394018e-20	8.962885e-20
199.5         	3.515076e+00	1.757538e+00	1.757538e+00	-2.129887e+00	-1.062013e+00	-1.067875e+00	2.930934e-03	4.543608e-19	-4.726312e-20	5.348475e-20	-2.052074e-20	7.400549e-20
200           	3.282350e+00	1.641175e+00	1.641175e+00	-1.428186e+00	-7.082893e-01	-7.198967e-01	5.803701e-03	4.292083e-19	1.216931e-20	1.060991e-19	6.521884e-20	4.088022e-20
