# Force and moment coefficients
# dragDir     : (1.000000e+00 0.000000e+00 0.000000e+00)
# sideDir     : (0.000000e+00 0.000000e+00 -1.000000e+00)
# liftDir     : (0.000000e+00 1.000000e+00 0.000000e+00)
# rollAxis    : (1.000000e+00 0.000000e+00 0.000000e+00)
# pitchAxis   : (0.000000e+00 0.000000e+00 -1.000000e+00)
# yawAxis     : (0.000000e+00 1.000000e+00 0.000000e+00)
# magUInf     : 1.000000e+00
# lRef        : 1.000000e+00
# Aref        : 1.000000e+00
# CofR        : (0.000000e+00 0.000000e+00 0.000000e+00)
#
# Time        	Cd            	Cd(f)         	Cd(r)         	Cl            	Cl(f)         	Cl(r)         	CmPitch       	CmRoll        	CmYaw         	Cs            	Cs(f)         	Cs(r)         
0             	1.045016e-01	5.225082e-02	5.225082e-02	7.155734e-18	-1.257675e-17	1.973248e-17	-1.615461e-17	1.240229e-22	1.542917e-21	2.633107e-36	1.542917e-21	-1.542917e-21
0.5           	8.121585e-01	4.060793e-01	4.060793e-01	-6.007654e-07	-3.024094e-07	-2.983561e-07	-2.026659e-09	1.349449e-19	-3.487720e-21	-2.654766e-20	-1.676155e-20	-9.786113e-21
1             	1.101589e+00	5.507946e-01	5.507946e-01	-1.988219e-06	-9.949579e-07	-9.932608e-07	-8.485719e-10	4.646884e-19	-4.440843e-21	-2.482273e-20	-1.685221e-20	-7.970522e-21
1.5           	1.697251e+00	8.486257e-01	8.486257e-01	-4.503474e-07	-2.266378e-07	-2.237096e-07	-1.464124e-09	8.121176e-19	-5.762851e-21	-2.230359e-20	-1.691465e-20	-5.388945e-21
2             	2.582248e+00	1.291124e+00	1.291124e+00	-8.542797e-09	-4.163774e-09	-4.379023e-09	1.076249e-10	9.619311e-19	-6.905345e-21	-1.696571e-20	-1.538820e-20	-1.577508e-21
2.5           	3.293031e+00	1.646515e+00	1.646515e+00	-6.063927e-07	-2.934835e-07	-3.129091e-07	9.712810e-09	1.128360e-18	-7.418649e-21	-1.099597e-20	-1.291663e-20	1.920664e-21
3             	3.278697e+00	1.639349e+00	1.639349e+00	-5.828606e-07	-2.901534e-07	-2.927073e-07	1.276959e-09	1.070375e-18	-9.341890e-21	-1.007813e-20	-1.438095e-20	4.302825e-21
3.5           	2.930194e+00	1.465097e+00	1.465097e+00	-1.474251e-06	-7.398511e-07	-7.343996e-07	-2.725755e-09	7.894449e-19	-1.132369e-20	-1.055100e-20	-1.659919e-20	6.048194e-21
4             	2.655284e+00	1.327642e+00	1.327642e+00	-4.345352e-07	-2.152874e-07	-2.192478e-07	1.980186e-09	5.611256e-19	-1.216173e-20	-9.376728e-21	-1.685009e-20	7.473365e-21
4.5           	2.639658e+00	1.319829e+00	1.319829e+00	-8.724981e-07	-4.359414e-07	-4.365567e-07	3.076243e-10	4.675729e-19	-1.228215e-20	-6.724237e-21	-1.564426e-20	8.920027e-21
5             	2.761134e+00	1.380567e+00	1.380567e+00	-1.802108e-07	-8.764183e-08	-9.256896e-08	2.463566e-09	4.905961e-19	-1.197679e-20	-4.495594e-21	-1.422459e-20	9.728998e-21
5.5           	2.737476e+00	1.368738e+00	1.368738e+00	-1.309269e-06	-6.538766e-07	-6.553929e-07	7.581461e-10	5.642670e-19	-1.128948e-20	-3.860585e-21	-1.321977e-20	9.359188e-21
6             	2.277437e+00	1.138718e+00	1.138718e+00	-6.659854e-07	-3.268511e-07	-3.391343e-07	6.141624e-09	5.492359e-19	-9.694377e-21	-4.479910e-21	-1.193433e-20	7.454422e-21
6.5           	1.589476e+00	7.947379e-01	7.947379e-01	-1.750532e-06	-8.704519e-07	-8.800799e-07	4.814018e-09	4.430302e-19	-7.566509e-21	-4.854601e-21	-9.993809e-21	5.139208e-21
7             	1.325455e+00	6.627273e-01	6.627273e-01	-1.034044e-06	-5.133852e-07	-5.206591e-07	3.636907e-09	3.500601e-19	-6.645257e-21	-3.596243e-21	-8.443378e-21	4.847135e-21
7.5           	1.659625e+00	8.298126e-01	8.298126e-01	-1.827591e-06	-9.107163e-07	-9.168748e-07	3.079251e-09	3.679504e-19	-7.107356e-21	-1.047984e-21	-7.631348e-21	6.583364e-21
8             	2.217557e+00	1.108779e+00	1.108779e+00	-2.211177e-06	-1.103869e-06	-1.107308e-06	1.719479e-09	5.184968e-19	-8.074812e-21	1.022512e-21	-7.563556e-21	8.586068e-21
8.5           	2.360451e+00	1.180226e+00	1.180226e+00	-2.629131e-06	-1.314177e-06	-1.314953e-06	3.879903e-10	6.176873e-19	-8.292472e-21	7.819822e-22	-7.901481e-21	8.683464e-21
9             	1.974083e+00	9.870416e-01	9.870416e-01	-2.720427e-06	-1.363520e-06	-1.356908e-06	-3.306011e-09	5.877486e-19	-7.589740e-21	-6.270838e-22	-7.903282e-21	7.276198e-21
9.5           	1.582675e+00	7.913374e-01	7.913374e-01	-3.164654e-06	-1.586757e-06	-1.577897e-06	-4.430053e-09	4.740685e-19	-6.764544e-21	-7.084725e-22	-7.118780e-21	6.410308e-21
10            	1.558431e+00	7.792153e-01	7.792153e-01	-1.480695e-06	-7.446023e-07	-7.360924e-07	-4.254958e-09	3.906233e-19	-6.696340e-21	6.155900e-22	-6.388545e-21	7.004135e-21
10.5          	1.872992e+00	9.364962e-01	9.364962e-01	-2.462764e-06	-1.230091e-06	-1.232672e-06	1.290367e-09	3.961148e-19	-7.120630e-21	2.439870e-21	-5.900695e-21	8.340566e-21
11            	2.237246e+00	1.118623e+00	1.118623e+00	-2.071201e-06	-1.035804e-06	-1.035397e-06	-2.038169e-10	4.667856e-19	-7.577464e-21	3.525472e-21	-5.814728e-21	9.340200e-21
11.5          	2.200098e+00	1.100049e+00	1.100049e+00	-2.242651e-06	-1.114789e-06	-1.127862e-06	6.536303e-09	5.214021e-19	-7.624096e-21	2.510966e-21	-6.368613e-21	8.879579e-21
12            	1.755302e+00	8.776510e-01	8.776510e-01	-1.611676e-06	-8.062148e-07	-8.054616e-07	-3.766056e-10	5.045577e-19	-7.299343e-21	4.904411e-22	-7.054123e-21	7.544564e-21
12.5          	1.360732e+00	6.803658e-01	6.803658e-01	-1.458284e-06	-7.191503e-07	-7.391332e-07	9.991431e-09	4.325886e-19	-6.983465e-21	-2.743811e-22	-7.120655e-21	6.846274e-21
13            	1.346988e+00	6.734940e-01	6.734940e-01	4.741227e-07	2.434164e-07	2.307063e-07	6.355054e-09	3.586082e-19	-7.024625e-21	7.047888e-22	-6.672230e-21	7.377019e-21
13.5          	1.635257e+00	8.176286e-01	8.176286e-01	9.064933e-07	4.509662e-07	4.555271e-07	-2.280423e-09	3.655724e-19	-7.335028e-21	2.418994e-21	-6.125531e-21	8.544525e-21
14            	1.971840e+00	9.859199e-01	9.859199e-01	8.119447e-07	4.060810e-07	4.058637e-07	1.086275e-10	4.387433e-19	-7.758162e-21	3.479554e-21	-6.018385e-21	9.497939e-21
14.5          	1.991583e+00	9.957913e-01	9.957913e-01	1.967263e-06	9.726559e-07	9.946071e-07	-1.097560e-08	4.989839e-19	-7.805194e-21	2.862022e-21	-6.374183e-21	9.236205e-21
15            	1.657321e+00	8.286607e-01	8.286607e-01	2.127747e-06	1.055524e-06	1.072223e-06	-8.349260e-09	4.985405e-19	-7.360401e-21	1.500953e-21	-6.609925e-21	8.110878e-21
15.5          	1.354506e+00	6.772532e-01	6.772532e-01	3.633201e-06	1.807784e-06	1.825417e-06	-8.816617e-09	4.408016e-19	-6.879202e-21	1.145380e-21	-6.306512e-21	7.451892e-21
16            	1.306920e+00	6.534602e-01	6.534602e-01	3.291125e-06	1.639637e-06	1.651489e-06	-5.925986e-09	3.730562e-19	-6.701969e-21	1.949752e-21	-5.727092e-21	7.676845e-21
16.5          	1.506551e+00	7.532756e-01	7.532756e-01	5.058863e-06	2.515996e-06	2.542867e-06	-1.343525e-08	3.587068e-19	-6.940564e-21	3.095715e-21	-5.392707e-21	8.488422e-21
17            	1.776289e+00	8.881443e-01	8.881443e-01	6.349079e-06	3.165351e-06	3.183728e-06	-9.188435e-09	4.149586e-19	-7.329029e-21	3.943916e-21	-5.357071e-21	9.300987e-21
17.5          	1.829835e+00	9.149173e-01	9.149173e-01	5.950626e-06	2.979888e-06	2.970738e-06	4.574570e-09	4.716998e-19	-7.408235e-21	3.574582e-21	-5.620944e-21	9.195526e-21
18            	1.578638e+00	7.893192e-01	7.893192e-01	7.385669e-06	3.691894e-06	3.693775e-06	-9.403666e-10	4.897164e-19	-6.986416e-21	2.580301e-21	-5.696265e-21	8.276566e-21
18.5          	1.285734e+00	6.428668e-01	6.428668e-01	8.183242e-06	4.077920e-06	4.105321e-06	-1.370047e-08	4.475294e-19	-6.408942e-21	2.245911e-21	-5.285987e-21	7.531897e-21
19            	1.213703e+00	6.068513e-01	6.068513e-01	1.217958e-05	6.072743e-06	6.106835e-06	-1.704602e-08	3.866858e-19	-6.164447e-21	2.922692e-21	-4.703101e-21	7.625793e-21
19.5          	1.385995e+00	6.929974e-01	6.929974e-01	8.813552e-06	4.390105e-06	4.423447e-06	-1.667109e-08	3.555288e-19	-6.361206e-21	4.070952e-21	-4.325730e-21	8.396682e-21
20            	1.657432e+00	8.287162e-01	8.287162e-01	7.821920e-06	3.894209e-06	3.927710e-06	-1.675048e-08	3.938526e-19	-6.785033e-21	4.842745e-21	-4.363660e-21	9.206405e-21
20.5          	1.775751e+00	8.878756e-01	8.878756e-01	6.211847e-06	3.086802e-06	3.125045e-06	-1.912136e-08	4.485493e-19	-7.013493e-21	4.608361e-21	-4.709313e-21	9.317674e-21
21            	1.590462e+00	7.952310e-01	7.952310e-01	4.732465e-06	2.359397e-06	2.373068e-06	-6.835509e-09	4.798373e-19	-6.822313e-21	3.506637e-21	-5.068994e-21	8.575631e-21
21.5          	1.293066e+00	6.465329e-01	6.465329e-01	2.700239e-06	1.344087e-06	1.356152e-06	-6.032061e-09	4.523980e-19	-6.350362e-21	2.869790e-21	-4.915467e-21	7.785257e-21
22            	1.167279e+00	5.836394e-01	5.836394e-01	9.409498e-07	4.616347e-07	4.793151e-07	-8.840220e-09	3.985253e-19	-6.065008e-21	3.327634e-21	-4.401191e-21	7.728825e-21
22.5          	1.274400e+00	6.372001e-01	6.372001e-01	-3.017397e-06	-1.519504e-06	-1.497893e-06	-1.080570e-08	3.465500e-19	-6.117425e-21	4.316445e-21	-3.959202e-21	8.275647e-21
23            	1.530530e+00	7.652652e-01	7.652652e-01	-5.155849e-06	-2.587870e-06	-2.567979e-06	-9.945664e-09	3.658487e-19	-6.477862e-21	5.241878e-21	-3.856923e-21	9.098801e-21
23.5          	1.723464e+00	8.617322e-01	8.617322e-01	-1.305784e-05	-6.540573e-06	-6.517267e-06	-1.165318e-08	4.164587e-19	-6.795640e-21	5.332962e-21	-4.129159e-21	9.462121e-21
24            	1.616251e+00	8.081256e-01	8.081256e-01	-1.876189e-05	-9.392203e-06	-9.369682e-06	-1.126056e-08	4.595411e-19	-6.721156e-21	4.301100e-21	-4.570606e-21	8.871706e-21
24.5          	1.339783e+00	6.698916e-01	6.698916e-01	-2.450533e-05	-1.225563e-05	-1.224970e-05	-2.965996e-09	4.534902e-19	-6.377393e-21	3.409555e-21	-4.672616e-21	8.082171e-21
25            	1.160851e+00	5.804253e-01	5.804253e-01	-2.999094e-05	-1.498621e-05	-1.500474e-05	9.265295e-09	4.010805e-19	-6.047334e-21	3.571464e-21	-4.261602e-21	7.833066e-21
25.5          	1.199330e+00	5.996652e-01	5.996652e-01	-3.473973e-05	-1.737445e-05	-1.736529e-05	-4.580725e-09	3.418760e-19	-5.982601e-21	4.430106e-21	-3.767548e-21	8.197654e-21
26            	1.417469e+00	7.087343e-01	7.087343e-01	-4.022781e-05	-2.009765e-05	-2.013015e-05	1.624933e-08	3.360702e-19	-6.226085e-21	5.460688e-21	-3.495741e-21	8.956429e-21
26.5          	1.663700e+00	8.318502e-01	8.318502e-01	-4.465248e-05	-2.230965e-05	-2.234283e-05	1.658932e-08	3.783460e-19	-6.582579e-21	5.962625e-21	-3.601267e-21	9.563891e-21
27            	1.654281e+00	8.271403e-01	8.271403e-01	-4.853291e-05	-2.426173e-05	-2.427118e-05	4.724745e-09	4.310359e-19	-6.606864e-21	5.188810e-21	-4.012459e-21	9.201269e-21
27.5          	1.410874e+00	7.054372e-01	7.054372e-01	-5.641240e-05	-2.820395e-05	-2.820845e-05	2.249168e-09	4.483661e-19	-6.323634e-21	4.112829e-21	-4.267219e-21	8.380048e-21
28            	1.177974e+00	5.889869e-01	5.889869e-01	-5.816531e-05	-2.906234e-05	-2.910297e-05	2.031538e-08	4.102045e-19	-5.980745e-21	3.870852e-21	-4.045319e-21	7.916171e-21
28.5          	1.138738e+00	5.693692e-01	5.693692e-01	-6.339295e-05	-3.163745e-05	-3.175550e-05	5.902673e-08	3.527521e-19	-5.839682e-21	4.544524e-21	-3.567420e-21	8.111944e-21
29            	1.299335e+00	6.496673e-01	6.496673e-01	-5.548616e-05	-2.764195e-05	-2.784420e-05	1.011233e-07	3.199536e-19	-5.984739e-21	5.503428e-21	-3.233025e-21	8.736453e-21
29.5          	1.552698e+00	7.763491e-01	7.763491e-01	-4.834580e-05	-2.404606e-05	-2.429974e-05	1.268367e-07	3.448823e-19	-6.322254e-21	6.304677e-21	-3.169916e-21	9.474593e-21
30            	1.654961e+00	8.274806e-01	8.274806e-01	-3.733027e-05	-1.853102e-05	-1.879925e-05	1.341171e-07	3.960184e-19	-6.479345e-21	6.017853e-21	-3.470419e-21	9.488271e-21
30.5          	1.486371e+00	7.431857e-01	7.431857e-01	-2.330716e-05	-1.152587e-05	-1.178130e-05	1.277160e-07	4.337659e-19	-6.299719e-21	4.875621e-21	-3.861908e-21	8.737529e-21
31            	1.218719e+00	6.093597e-01	6.093597e-01	-1.148060e-05	-5.638480e-06	-5.842117e-06	1.018188e-07	4.208630e-19	-5.935582e-21	4.244219e-21	-3.813473e-21	8.057692e-21
31.5          	1.103420e+00	5.517101e-01	5.517101e-01	3.296119e-06	1.751146e-06	1.544972e-06	1.030870e-07	3.699151e-19	-5.741497e-21	4.565591e-21	-3.458701e-21	8.024292e-21
32            	1.180273e+00	5.901366e-01	5.901366e-01	2.905228e-05	1.463007e-05	1.442221e-05	1.039287e-07	3.234616e-19	-5.794386e-21	5.406118e-21	-3.091327e-21	8.497444e-21
32.5          	1.397785e+00	6.988925e-01	6.988925e-01	6.509583e-05	3.265236e-05	3.244347e-05	1.044488e-07	3.236766e-19	-6.054855e-21	6.336968e-21	-2.886371e-21	9.223339e-21
33            	1.588526e+00	7.942630e-01	7.942630e-01	1.068590e-04	5.355618e-05	5.330286e-05	1.266580e-07	3.617600e-19	-6.338252e-21	6.557707e-21	-3.059399e-21	9.617105e-21
33.5          	1.538492e+00	7.692458e-01	7.692458e-01	1.433307e-04	7.180513e-05	7.152553e-05	1.398024e-07	4.070586e-19	-6.316836e-21	5.652526e-21	-3.490573e-21	9.143099e-21
34            	1.301381e+00	6.506907e-01	6.506907e-01	1.816115e-04	9.094073e-05	9.067082e-05	1.349590e-07	4.213880e-19	-6.024482e-21	4.722399e-21	-3.663282e-21	8.385681e-21
34.5          	1.109509e+00	5.547546e-01	5.547546e-01	2.189219e-04	1.094900e-04	1.094319e-04	2.908164e-08	3.846075e-19	-5.731640e-21	4.618283e-21	-3.422498e-21	8.040781e-21
35            	1.095915e+00	5.479577e-01	5.479577e-01	2.668408e-04	1.333090e-04	1.335317e-04	-1.113420e-07	3.381347e-19	-5.680406e-21	5.233927e-21	-3.063443e-21	8.297370e-21
35.5          	1.251750e+00	6.258751e-01	6.258751e-01	3.026632e-04	1.510826e-04	1.515806e-04	-2.490138e-07	3.126157e-19	-5.863458e-21	6.152651e-21	-2.787132e-21	8.939783e-21
36            	1.477231e+00	7.386156e-01	7.386156e-01	3.590231e-04	1.791993e-04	1.798238e-04	-3.122862e-07	3.362788e-19	-6.207326e-21	6.787373e-21	-2.813639e-21	9.601012e-21
36.5          	1.542397e+00	7.711986e-01	7.711986e-01	3.989339e-04	1.991391e-04	1.997948e-04	-3.278409e-07	3.769672e-19	-6.329148e-21	6.363606e-21	-3.147346e-21	9.510951e-21
37            	1.384243e+00	6.921216e-01	6.921216e-01	4.382176e-04	2.187250e-04	2.194927e-04	-3.838555e-07	4.117232e-19	-6.160370e-21	5.304806e-21	-3.507967e-21	8.812774e-21
37.5          	1.158680e+00	5.793401e-01	5.793401e-01	4.665659e-04	2.328494e-04	2.337165e-04	-4.335290e-07	3.986426e-19	-5.835101e-21	4.799610e-21	-3.435297e-21	8.234906e-21
38            	1.063627e+00	5.318136e-01	5.318136e-01	4.846868e-04	2.417091e-04	2.429777e-04	-6.342742e-07	3.579010e-19	-5.672646e-21	5.118786e-21	-3.113254e-21	8.232039e-21
38.5          	1.136119e+00	5.680596e-01	5.680596e-01	4.918720e-04	2.451451e-04	2.467269e-04	-7.908589e-07	3.180173e-19	-5.737855e-21	5.848986e-21	-2.813362e-21	8.662348e-21
39            	1.335794e+00	6.678969e-01	6.678969e-01	4.376370e-04	2.178999e-04	2.197370e-04	-9.185588e-07	3.169666e-19	-6.024918e-21	6.679376e-21	-2.685230e-21	9.364606e-21
39.5          	1.500009e+00	7.500046e-01	7.500046e-01	3.675096e-04	1.827601e-04	1.847495e-04	-9.947044e-07	3.459600e-19	-6.293441e-21	6.878000e-21	-2.854441e-21	9.732441e-21
40            	1.451885e+00	7.259423e-01	7.259423e-01	3.113476e-04	1.546838e-04	1.566639e-04	-9.900432e-07	3.874843e-19	-6.255839e-21	6.091067e-21	-3.210306e-21	9.301373e-21
40.5          	1.249883e+00	6.249414e-01	6.249414e-01	2.474089e-04	1.227441e-04	1.246648e-04	-9.603205e-07	4.027354e-19	-5.970788e-21	5.254662e-21	-3.343457e-21	8.598120e-21
41            	1.067373e+00	5.336865e-01	5.336865e-01	1.591663e-04	7.869112e-05	8.047518e-05	-8.920322e-07	3.731289e-19	-5.646558e-21	5.136717e-21	-3.078200e-21	8.214917e-21
41.5          	1.051627e+00	5.258133e-01	5.258133e-01	-2.625538e-05	-1.409329e-05	-1.216209e-05	-9.656009e-07	3.334733e-19	-5.575370e-21	5.683430e-21	-2.733655e-21	8.417086e-21
42            	1.188011e+00	5.940055e-01	5.940055e-01	-2.578517e-04	-1.299324e-04	-1.279193e-04	-1.006568e-06	3.044699e-19	-5.722233e-21	6.506668e-21	-2.468899e-21	8.975567e-21
42.5          	1.392854e+00	6.964270e-01	6.964270e-01	-4.870406e-04	-2.443857e-04	-2.426549e-04	-8.654031e-07	3.209659e-19	-6.032279e-21	7.164402e-21	-2.450078e-21	9.614480e-21
43            	1.469726e+00	7.348630e-01	7.348630e-01	-7.620931e-04	-3.816830e-04	-3.804100e-04	-6.365042e-07	3.571435e-19	-6.132497e-21	7.000223e-21	-2.632385e-21	9.632609e-21
43.5          	1.339960e+00	6.699798e-01	6.699798e-01	-1.047772e-03	-5.242083e-04	-5.235636e-04	-3.223922e-07	3.917639e-19	-5.946748e-21	6.089307e-21	-2.902095e-21	8.991402e-21
44            	1.132710e+00	5.663550e-01	5.663550e-01	-1.356627e-03	-6.780963e-04	-6.785309e-04	2.173032e-07	3.876247e-19	-5.612407e-21	5.473944e-21	-2.875435e-21	8.349379e-21
44.5          	1.022210e+00	5.111048e-01	5.111048e-01	-1.615642e-03	-8.072827e-04	-8.083595e-04	5.384297e-07	3.515545e-19	-5.351888e-21	5.692238e-21	-2.505769e-21	8.198007e-21
45            	1.067734e+00	5.338672e-01	5.338672e-01	-1.956769e-03	-9.774477e-04	-9.793214e-04	9.368446e-07	3.145432e-19	-5.325063e-21	6.410737e-21	-2.119695e-21	8.530432e-21
45.5          	1.244240e+00	6.221199e-01	6.221199e-01	-2.386263e-03	-1.191590e-03	-1.194673e-03	1.541257e-06	3.039676e-19	-5.495569e-21	7.343753e-21	-1.823692e-21	9.167446e-21
46            	1.418092e+00	7.090458e-01	7.090458e-01	-2.667170e-03	-1.331430e-03	-1.335740e-03	2.155120e-06	3.262374e-19	-5.679447e-21	7.826667e-21	-1.766114e-21	9.592781e-21
46.5          	1.423721e+00	7.118603e-01	7.118603e-01	-3.103258e-03	-1.548811e-03	-1.554447e-03	2.818196e-06	3.677726e-19	-5.689230e-21	7.372481e-21	-2.002989e-21	9.375471e-21
47            	1.239714e+00	6.198570e-01	6.198570e-01	-3.480160e-03	-1.736360e-03	-1.743800e-03	3.720128e-06	3.920226e-19	-5.468363e-21	6.336146e-21	-2.300290e-21	8.636437e-21
47.5          	1.055721e+00	5.278607e-01	5.278607e-01	-3.616359e-03	-1.803468e-03	-1.812891e-03	4.711256e-06	3.742423e-19	-5.223182e-21	5.905250e-21	-2.270557e-21	8.175807e-21
48            	1.001448e+00	5.007242e-01	5.007242e-01	-3.864806e-03	-1.926181e-03	-1.938624e-03	6.221624e-06	3.354705e-19	-5.045327e-21	6.293232e-21	-1.898711e-21	8.191943e-21
48.5          	1.097790e+00	5.488952e-01	5.488952e-01	-3.867952e-03	-1.926933e-03	-1.941019e-03	7.043181e-06	3.009739e-19	-5.026281e-21	7.176035e-21	-1.438264e-21	8.614299e-21
49            	1.289615e+00	6.448073e-01	6.448073e-01	-3.560653e-03	-1.773043e-03	-1.787610e-03	7.283804e-06	3.044596e-19	-5.140383e-21	8.129775e-21	-1.075495e-21	9.205270e-21
49.5          	1.414871e+00	7.074355e-01	7.074355e-01	-3.390916e-03	-1.688219e-03	-1.702697e-03	7.239137e-06	3.340076e-19	-5.252856e-21	8.370794e-21	-1.067459e-21	9.438253e-21
50            	1.346173e+00	6.730867e-01	6.730867e-01	-3.140074e-03	-1.563093e-03	-1.576981e-03	6.943819e-06	3.731102e-19	-5.329030e-21	7.409027e-21	-1.624516e-21	9.033544e-21
50.5          	1.156021e+00	5.780107e-01	5.780107e-01	-2.729040e-03	-1.357552e-03	-1.371488e-03	6.967565e-06	3.869298e-19	-5.355239e-21	6.221777e-21	-2.244350e-21	8.466128e-21
51            	9.984921e-01	4.992461e-01	4.992461e-01	-2.107311e-03	-1.046535e-03	-1.060776e-03	7.120250e-06	3.594761e-19	-5.320535e-21	5.748603e-21	-2.446234e-21	8.194836e-21
51.5          	9.954112e-01	4.977056e-01	4.977056e-01	-1.083644e-03	-5.337612e-04	-5.498831e-04	8.060985e-06	3.203166e-19	-5.272364e-21	6.251697e-21	-2.146516e-21	8.398213e-21
52            	1.129820e+00	5.649099e-01	5.649099e-01	2.905642e-04	1.529313e-04	1.376329e-04	7.649201e-06	2.941040e-19	-5.389135e-21	7.103860e-21	-1.837205e-21	8.941065e-21
52.5          	1.314857e+00	6.574284e-01	6.574284e-01	1.990574e-03	1.001419e-03	9.891554e-04	6.131630e-06	3.055146e-19	-5.643097e-21	7.707095e-21	-1.789549e-21	9.496644e-21
53            	1.390719e+00	6.953597e-01	6.953597e-01	3.876007e-03	1.941801e-03	1.934206e-03	3.797565e-06	3.401963e-19	-5.979832e-21	7.293018e-21	-2.333323e-21	9.626341e-21
53.5          	1.275386e+00	6.376928e-01	6.376928e-01	6.113027e-03	3.057437e-03	3.055590e-03	9.236082e-07	3.762952e-19	-6.250476e-21	5.926046e-21	-3.287453e-21	9.213499e-21
54            	1.079524e+00	5.397622e-01	5.397622e-01	7.743352e-03	3.869555e-03	3.873797e-03	-2.120670e-06	3.784630e-19	-6.562661e-21	4.565431e-21	-4.279945e-21	8.845376e-21
54.5          	9.645328e-01	4.822664e-01	4.822664e-01	1.050832e-02	5.249049e-03	5.259271e-03	-5.111142e-06	3.448914e-19	-6.497850e-21	4.560645e-21	-4.217528e-21	8.778173e-21
55            	9.971667e-01	4.985833e-01	4.985833e-01	1.253698e-02	6.260428e-03	6.276550e-03	-8.061382e-06	3.083803e-19	-6.934587e-21	4.626531e-21	-4.621321e-21	9.247853e-21
55.5          	1.161832e+00	5.809160e-01	5.809160e-01	1.579314e-02	7.884463e-03	7.908672e-03	-1.210443e-05	2.923850e-19	-7.482283e-21	5.102549e-21	-4.931008e-21	1.003356e-20
56            	1.332363e+00	6.661817e-01	6.661817e-01	1.870834e-02	9.337555e-03	9.370782e-03	-1.661336e-05	3.083029e-19	-8.269154e-21	4.906934e-21	-5.815687e-21	1.072262e-20
56.5          	1.369831e+00	6.849154e-01	6.849154e-01	2.160608e-02	1.078118e-02	1.082490e-02	-2.186357e-05	3.466127e-19	-8.954583e-21	3.771655e-21	-7.068755e-21	1.084041e-20
57            	1.214024e+00	6.070120e-01	6.070120e-01	2.479465e-02	1.236946e-02	1.242519e-02	-2.786325e-05	3.788695e-19	-9.089910e-21	2.443108e-21	-7.868356e-21	1.031146e-20
57.5          	1.023247e+00	5.116233e-01	5.116233e-01	2.819846e-02	1.406425e-02	1.413421e-02	-3.497836e-05	3.694398e-19	-8.604878e-21	2.432395e-21	-7.388680e-21	9.821075e-21
58            	9.472807e-01	4.736403e-01	4.736403e-01	2.906850e-02	1.448980e-02	1.457870e-02	-4.445105e-05	3.333464e-19	-9.308736e-21	1.610049e-21	-8.503711e-21	1.011376e-20
58.5          	1.009003e+00	5.045016e-01	5.045016e-01	3.123261e-02	1.556335e-02	1.566926e-02	-5.295391e-05	2.993142e-19	-9.653509e-21	2.373977e-21	-8.466521e-21	1.084050e-20
59            	1.186335e+00	5.931674e-01	5.931674e-01	3.193213e-02	1.590994e-02	1.602218e-02	-5.611936e-05	2.906032e-19	-1.100334e-20	1.892883e-21	-1.005690e-20	1.194978e-20
59.5          	1.339169e+00	6.695843e-01	6.695843e-01	3.170444e-02	1.579389e-02	1.591055e-02	-5.832730e-05	3.110374e-19	-1.231469e-20	9.275069e-22	-1.185094e-20	1.277845e-20
60            	1.328058e+00	6.640292e-01	6.640292e-01	3.237464e-02	1.612846e-02	1.624618e-02	-5.885928e-05	3.518871e-19	-1.209892e-20	6.978155e-22	-1.175001e-20	1.244783e-20
60.5          	1.153006e+00	5.765032e-01	5.765032e-01	3.110011e-02	1.548850e-02	1.561160e-02	-6.154954e-05	3.774797e-19	-1.066862e-20	1.319080e-21	-1.000908e-20	1.132816e-20
61            	9.803823e-01	4.901911e-01	4.901911e-01	2.857256e-02	1.422314e-02	1.434942e-02	-6.314021e-05	3.625762e-19	-9.748407e-21	1.695241e-21	-8.900787e-21	1.059603e-20
61.5          	9.302224e-01	4.651112e-01	4.651112e-01	2.495052e-02	1.239802e-02	1.255250e-02	-7.723892e-05	3.259036e-19	-8.813099e-21	3.414910e-21	-7.105644e-21	1.052055e-20
62            	1.018428e+00	5.092142e-01	5.092142e-01	1.873163e-02	9.285147e-03	9.446483e-03	-8.066799e-05	2.921153e-19	-9.168965e-21	4.438137e-21	-6.949896e-21	1.138803e-20
62.5          	1.200027e+00	6.000135e-01	6.000135e-01	8.294412e-03	4.072906e-03	4.221505e-03	-7.429936e-05	2.888601e-19	-1.058159e-20	3.711443e-21	-8.725868e-21	1.243731e-20
63            	1.332082e+00	6.660410e-01	6.660410e-01	-2.942500e-03	-1.531690e-03	-1.410810e-03	-6.044019e-05	3.135873e-19	-1.079723e-20	4.037801e-21	-8.778330e-21	1.281613e-20
63.5          	1.287650e+00	6.438250e-01	6.438250e-01	-1.352821e-02	-6.805664e-03	-6.722542e-03	-4.156063e-05	3.532654e-19	-8.423926e-21	6.065490e-21	-5.391181e-21	1.145667e-20
64            	1.110159e+00	5.550794e-01	5.550794e-01	-2.509275e-02	-1.257239e-02	-1.252036e-02	-2.601749e-05	3.740571e-19	-4.351943e-21	9.764634e-21	5.303747e-22	9.234260e-21
64.5          	9.518179e-01	4.759089e-01	4.759089e-01	-3.983553e-02	-1.992254e-02	-1.991299e-02	-4.775851e-06	3.545646e-19	-1.440508e-21	1.216834e-20	4.643663e-21	7.524678e-21
65            	9.240304e-01	4.620152e-01	4.620152e-01	-5.499117e-02	-2.748797e-02	-2.750320e-02	7.615225e-06	3.174127e-19	9.265900e-22	1.516711e-20	8.510143e-21	6.656963e-21
65.5          	1.026888e+00	5.134439e-01	5.134439e-01	-7.600151e-02	-3.797415e-02	-3.802736e-02	2.660207e-05	2.856859e-19	2.440673e-21	1.799869e-20	1.144002e-20	6.558675e-21
66            	1.205553e+00	6.027763e-01	6.027763e-01	-9.977736e-02	-4.983971e-02	-4.993765e-02	4.897181e-05	2.869050e-19	3.912009e-21	2.076051e-20	1.429227e-20	6.468248e-21
66.5          	1.317781e+00	6.588903e-01	6.588903e-01	-1.237763e-01	-6.180261e-02	-6.197369e-02	8.554005e-05	3.146390e-19	7.140623e-21	2.525025e-20	1.976575e-20	5.484500e-21
67            	1.254873e+00	6.274364e-01	6.274364e-01	-1.471272e-01	-7.343710e-02	-7.369014e-02	1.265188e-04	3.532495e-19	1.132259e-20	2.994237e-20	2.629377e-20	3.648593e-21
67.5          	1.078712e+00	5.393559e-01	5.393559e-01	-1.713944e-01	-8.552466e-02	-8.586972e-02	1.725299e-04	3.700076e-19	1.432239e-20	3.138300e-20	3.001389e-20	1.369110e-21
68            	9.350959e-01	4.675480e-01	4.675480e-01	-1.949122e-01	-9.722762e-02	-9.768455e-02	2.284643e-04	3.488144e-19	1.665661e-20	3.208430e-20	3.269876e-20	-6.144614e-22
68.5          	9.244288e-01	4.622144e-01	4.622144e-01	-2.174232e-01	-1.084088e-01	-1.090144e-01	3.028107e-04	3.108584e-19	1.981829e-20	3.429328e-20	3.696493e-20	-2.671652e-21
69            	1.040161e+00	5.200803e-01	5.200803e-01	-2.351701e-01	-1.172371e-01	-1.179331e-01	3.480163e-04	2.827442e-19	2.486374e-20	3.981388e-20	4.477068e-20	-4.956802e-21
69.5          	1.216387e+00	6.081935e-01	6.081935e-01	-2.486057e-01	-1.239362e-01	-1.246695e-01	3.666261e-04	2.859190e-19	3.363449e-20	5.183142e-20	5.955020e-20	-7.718778e-21
70            	1.315451e+00	6.577254e-01	6.577254e-01	-2.634659e-01	-1.313489e-01	-1.321170e-01	3.840257e-04	3.145961e-19	3.900804e-20	5.890912e-20	6.846259e-20	-9.553478e-21
70.5          	1.239042e+00	6.195211e-01	6.195211e-01	-2.775784e-01	-1.383995e-01	-1.391789e-01	3.896796e-04	3.501417e-19	3.725246e-20	5.683506e-20	6.566999e-20	-8.834926e-21
71            	1.064263e+00	5.321316e-01	5.321316e-01	-2.885525e-01	-1.438615e-01	-1.446910e-01	4.147448e-04	3.629233e-19	2.977988e-20	4.555855e-20	5.255916e-20	-7.000609e-21
71.5          	9.305293e-01	4.652646e-01	4.652646e-01	-2.910418e-01	-1.450317e-01	-1.460101e-01	4.892226e-04	3.386819e-19	2.438100e-20	3.602097e-20	4.239148e-20	-6.370513e-21
72            	9.274081e-01	4.637041e-01	4.637041e-01	-2.785397e-01	-1.386733e-01	-1.398664e-01	5.965335e-04	3.012858e-19	2.533529e-20	3.471123e-20	4.269090e-20	-7.979673e-21
72.5          	1.050187e+00	5.250936e-01	5.250936e-01	-2.513091e-01	-1.250190e-01	-1.262901e-01	6.355020e-04	2.765659e-19	3.171820e-20	4.082545e-20	5.213092e-20	-1.130548e-20
73            	1.222530e+00	6.112650e-01	6.112650e-01	-2.012338e-01	-9.998242e-02	-1.012514e-01	6.344878e-04	2.828780e-19	4.298518e-20	5.558142e-20	7.077589e-20	-1.519447e-20
73.5          	1.316422e+00	6.582111e-01	6.582111e-01	-1.499116e-01	-7.436107e-02	-7.555055e-02	5.947415e-04	3.108717e-19	4.501812e-20	5.725828e-20	7.364726e-20	-1.638898e-20
74            	1.233537e+00	6.167684e-01	6.167684e-01	-1.047295e-01	-5.184793e-02	-5.288161e-02	5.168426e-04	3.412758e-19	2.980034e-20	3.823413e-20	4.891741e-20	-1.068327e-20
74.5          	1.053680e+00	5.268400e-01	5.268400e-01	-5.476922e-02	-2.692422e-02	-2.784500e-02	4.603880e-04	3.514136e-19	6.764426e-21	9.294973e-21	1.141191e-20	-2.116940e-21
75            	9.253629e-01	4.626815e-01	4.626815e-01	1.294980e-02	6.923885e-03	6.025914e-03	4.489853e-04	3.274156e-19	-9.424757e-21	-1.095650e-20	-1.490300e-20	3.946509e-21
75.5          	9.280666e-01	4.640333e-01	4.640333e-01	1.073595e-01	5.409358e-02	5.326589e-02	4.138438e-04	2.914293e-19	-1.649804e-20	-2.033012e-20	-2.666310e-20	6.332984e-21
76            	1.049595e+00	5.247975e-01	5.247975e-01	2.339829e-01	1.172828e-01	1.167002e-01	2.913203e-04	2.695280e-19	-1.907173e-20	-2.386221e-20	-3.100283e-20	7.140620e-21
76.5          	1.217503e+00	6.087514e-01	6.087514e-01	3.842384e-01	1.922709e-01	1.919675e-01	1.516564e-04	2.801702e-19	-2.135425e-20	-2.489045e-20	-3.379947e-20	8.909027e-21
77            	1.316092e+00	6.580461e-01	6.580461e-01	5.324892e-01	2.662228e-01	2.662665e-01	-2.187337e-05	3.104293e-19	-3.638693e-20	-4.714643e-20	-5.996014e-20	1.281371e-20
77.5          	1.253204e+00	6.266019e-01	6.266019e-01	6.747397e-01	3.371782e-01	3.375615e-01	-1.916169e-04	3.447546e-19	-6.179344e-20	-8.143119e-20	-1.025090e-19	2.107785e-20
78            	1.124253e+00	5.621267e-01	5.621267e-01	8.248955e-01	4.120437e-01	4.128518e-01	-4.040236e-04	3.518644e-19	-8.380661e-20	-1.075732e-19	-1.375932e-19	3.002003e-20
78.5          	1.055628e+00	5.278138e-01	5.278138e-01	9.723608e-01	4.854568e-01	4.869041e-01	-7.236594e-04	3.275206e-19	-9.801736e-20	-1.188731e-19	-1.574539e-19	3.858081e-20
79            	1.118669e+00	5.593345e-01	5.593345e-01	1.120643e+00	5.591775e-01	5.614660e-01	-1.144226e-03	2.973466e-19	-1.119897e-19	-1.307118e-19	-1.773456e-19	4.663378e-20
79.5          	1.298217e+00	6.491087e-01	6.491087e-01	1.258230e+00	6.275593e-01	6.306709e-01	-1.555848e-03	2.873693e-19	-1.326000e-19	-1.513471e-19	-2.082736e-19	5.692646e-20
80            	1.510458e+00	7.552290e-01	7.552290e-01	1.372665e+00	6.844459e-01	6.882190e-01	-1.886541e-03	3.076249e-19	-1.604172e-19	-1.828067e-19	-2.518206e-19	6.901382e-20
80.5          	1.636990e+00	8.184952e-01	8.184952e-01	1.461653e+00	7.287230e-01	7.329303e-01	-2.103680e-03	3.418768e-19	-1.775199e-19	-2.071246e-19	-2.810822e-19	7.395765e-20
81            	1.633221e+00	8.166107e-01	8.166107e-01	1.536165e+00	7.657493e-01	7.704158e-01	-2.333248e-03	3.613662e-19	-1.620366e-19	-1.923198e-19	-2.581965e-19	6.587669e-20
81.5          	1.564801e+00	7.824006e-01	7.824006e-01	1.585830e+00	7.901121e-01	7.957181e-01	-2.802973e-03	3.540064e-19	-1.241703e-19	-1.426719e-19	-1.955062e-19	5.283438e-20
82            	1.551741e+00	7.758704e-01	7.758704e-01	1.585322e+00	7.891204e-01	7.962020e-01	-3.540801e-03	3.260186e-19	-9.097763e-20	-8.850981e-20	-1.352325e-19	4.672272e-20
82.5          	1.643457e+00	8.217284e-01	8.217284e-01	1.492214e+00	7.418900e-01	7.503241e-01	-4.217023e-03	3.066642e-19	-8.067589e-20	-6.354948e-20	-1.124506e-19	4.890115e-20
83            	1.835218e+00	9.176091e-01	9.176091e-01	1.275804e+00	6.331976e-01	6.426064e-01	-4.704382e-03	3.269035e-19	-1.039052e-19	-9.138519e-20	-1.495978e-19	5.821265e-20
83.5          	2.040146e+00	1.020073e+00	1.020073e+00	9.670060e-01	4.784376e-01	4.885685e-01	-5.065451e-03	3.613186e-19	-1.346180e-19	-1.275097e-19	-1.983728e-19	7.086309e-20
84            	2.121050e+00	1.060525e+00	1.060525e+00	6.281790e-01	3.088904e-01	3.192886e-01	-5.199111e-03	3.655963e-19	-1.256364e-19	-1.021542e-19	-1.767135e-19	7.455928e-20
84.5          	2.013425e+00	1.006712e+00	1.006712e+00	2.652384e-01	1.274185e-01	1.378199e-01	-5.200705e-03	3.479391e-19	-7.958086e-20	-2.867301e-20	-9.391736e-20	6.524435e-20
85            	1.820594e+00	9.102972e-01	9.102972e-01	-1.304465e-01	-7.037802e-02	-6.006852e-02	-5.154749e-03	3.177821e-19	-2.222789e-20	5.431557e-20	4.929897e-21	4.938567e-20
85.5          	1.736326e+00	8.681629e-01	8.681629e-01	-5.679255e-01	-2.889128e-01	-2.790127e-01	-4.950076e-03	2.859778e-19	2.099411e-20	1.118003e-19	7.689428e-20	3.490607e-20
86            	1.854999e+00	9.274995e-01	9.274995e-01	-1.071676e+00	-5.401211e-01	-5.315551e-01	-4.282965e-03	2.813917e-19	3.801403e-20	1.257706e-19	1.008994e-19	2.487129e-20
86.5          	2.171894e+00	1.085947e+00	1.085947e+00	-1.527108e+00	-7.666363e-01	-7.604714e-01	-3.082485e-03	3.153852e-19	5.118197e-21	7.758658e-20	4.391149e-20	3.367509e-20
87            	2.564193e+00	1.282096e+00	1.282096e+00	-1.812913e+00	-9.077598e-01	-9.051528e-01	-1.303510e-03	3.725873e-19	-4.016231e-20	3.325503e-20	-2.353479e-20	5.678982e-20
87.5          	2.886825e+00	1.443412e+00	1.443412e+00	-1.852828e+00	-9.257367e-01	-9.270909e-01	6.771189e-04	4.420371e-19	-5.503745e-20	3.853041e-20	-3.577225e-20	7.430266e-20
88            	3.043123e+00	1.521562e+00	1.521562e+00	-1.677047e+00	-8.361347e-01	-8.409123e-01	2.388784e-03	4.845068e-19	-3.079111e-20	8.526983e-20	1.184381e-20	7.342603e-20
88.5          	3.027933e+00	1.513967e+00	1.513967e+00	-1.361228e+00	-6.771723e-01	-6.840556e-01	3.441673e-03	4.787142e-19	-1.311087e-20	1.061354e-19	3.995686e-20	6.617859e-20
89            	2.893311e+00	1.446656e+00	1.446656e+00	-9.468663e-01	-4.694226e-01	-4.774437e-01	4.010540e-03	4.498090e-19	-9.375115e-21	9.680619e-20	3.902798e-20	5.777821e-20
89.5          	2.719452e+00	1.359726e+00	1.359726e+00	-4.207078e-01	-2.058670e-01	-2.148408e-01	4.486911e-03	4.275560e-19	2.408305e-20	1.106428e-19	7.940443e-20	3.123833e-20
90            	2.588816e+00	1.294408e+00	1.294408e+00	2.931083e-01	1.511667e-01	1.419417e-01	4.612514e-03	4.482027e-19	3.338217e-20	9.449863e-20	8.063149e-20	1.386714e-20
90.5          	2.571073e+00	1.285536e+00	1.285536e+00	1.171185e+00	5.895860e-01	5.815990e-01	3.993478e-03	4.996162e-19	-1.457891e-20	2.357516e-20	-2.791332e-21	2.636650e-20
91            	2.628344e+00	1.314172e+00	1.314172e+00	2.061832e+00	1.033796e+00	1.028036e+00	2.879876e-03	5.209123e-19	-1.085059e-19	-9.985571e-20	-1.584337e-19	5.857803e-20
91.5          	2.781407e+00	1.390704e+00	1.390704e+00	2.817289e+00	1.409994e+00	1.407294e+00	1.350007e-03	5.107901e-19	-2.040853e-19	-2.329723e-19	-3.205715e-19	8.759914e-20
92            	3.091568e+00	1.545784e+00	1.545784e+00	3.295460e+00	1.647384e+00	1.648076e+00	-3.459743e-04	5.226927e-19	-2.470197e-19	-3.093627e-19	-4.017011e-19	9.233833e-20
92.5          	3.517284e+00	1.758642e+00	1.758642e+00	3.414676e+00	1.704798e+00	1.709877e+00	-2.539648e-03	5.661808e-19	-2.054671e-19	-2.787801e-19	-3.448572e-19	6.607710e-20
93            	3.879109e+00	1.939555e+00	1.939555e+00	3.181483e+00	1.585857e+00	1.595626e+00	-4.884594e-03	6.178912e-19	-1.281645e-19	-1.910797e-19	-2.237044e-19	3.262469e-20
93.5          	4.003905e+00	2.001953e+00	2.001953e+00	2.659311e+00	1.323012e+00	1.336299e+00	-6.643423e-03	6.065362e-19	-1.235755e-19	-1.794844e-19	-2.133177e-19	3.383330e-20
94            	3.877096e+00	1.938548e+00	1.938548e+00	1.871261e+00	9.288901e-01	9.423709e-01	-6.740403e-03	5.770486e-19	-1.776068e-19	-2.353150e-19	-2.952643e-19	5.994932e-20
94.5          	3.603847e+00	1.801924e+00	1.801924e+00	8.444845e-01	4.163115e-01	4.281731e-01	-5.930799e-03	5.421546e-19	-2.262577e-19	-2.825011e-19	-3.675083e-19	8.500718e-20
95            	3.317654e+00	1.658827e+00	1.658827e+00	-4.061401e-01	-2.078419e-01	-1.982981e-01	-4.771903e-03	5.124093e-19	-1.771452e-19	-2.088128e-19	-2.815516e-19	7.273881e-20
95.5          	3.266183e+00	1.633092e+00	1.633092e+00	-1.726382e+00	-8.675406e-01	-8.588413e-01	-4.349688e-03	4.839694e-19	-4.072165e-20	-2.530107e-20	-5.337218e-20	2.807111e-20
96            	3.566939e+00	1.783470e+00	1.783470e+00	-2.746930e+00	-1.378023e+00	-1.368907e+00	-4.557756e-03	4.679550e-19	-3.936170e-20	1.816854e-20	-3.027743e-20	4.844596e-20
96.5          	3.953385e+00	1.976693e+00	1.976693e+00	-3.090503e+00	-1.548556e+00	-1.541947e+00	-3.304664e-03	5.283590e-19	-2.033634e-19	-1.235625e-19	-2.651446e-19	1.415821e-19
97            	4.046972e+00	2.023486e+00	2.023486e+00	-2.867262e+00	-1.434282e+00	-1.432980e+00	-6.506805e-04	5.640832e-19	-2.947032e-19	-1.792154e-19	-3.843109e-19	2.050955e-19
97.5          	3.919637e+00	1.959819e+00	1.959819e+00	-2.225368e+00	-1.111030e+00	-1.114338e+00	1.654329e-03	5.086959e-19	-1.113310e-19	7.000860e-20	-7.632667e-20	1.463353e-19
98            	3.796400e+00	1.898200e+00	1.898200e+00	-1.253554e+00	-6.236310e-01	-6.299226e-01	3.145791e-03	5.123140e-19	1.013254e-19	3.047348e-19	2.536928e-19	5.104203e-20
98.5          	3.696986e+00	1.848493e+00	1.848493e+00	-8.665592e-03	-1.986921e-04	-8.466899e-03	4.134104e-03	5.746386e-19	1.312533e-19	2.867598e-19	2.746332e-19	1.212657e-20
99            	3.539466e+00	1.769733e+00	1.769733e+00	1.348408e+00	6.785216e-01	6.698865e-01	4.317536e-03	6.288005e-19	-4.314364e-20	3.824481e-20	-2.402123e-20	6.226604e-20
99.5          	3.517303e+00	1.758652e+00	1.758652e+00	2.637592e+00	1.322945e+00	1.314647e+00	4.148926e-03	6.114288e-19	-1.708241e-19	-1.466527e-19	-2.441504e-19	9.749769e-20
100           	3.796645e+00	1.898323e+00	1.898323e+00	3.595250e+00	1.801165e+00	1.794085e+00	3.540373e-03	5.933924e-19	-1.152077e-19	-1.197960e-19	-1.751058e-19	5.530971e-20
100.5         	4.181925e+00	2.090962e+00	2.090962e+00	3.979272e+00	1.990835e+00	1.988438e+00	1.198549e-03	6.489052e-19	4.858324e-20	1.927264e-20	5.821956e-20	-3.894692e-20
101           	4.336007e+00	2.168004e+00	2.168004e+00	3.798126e+00	1.896735e+00	1.901391e+00	-2.328241e-03	6.777368e-19	7.627441e-20	1.468165e-21	7.700849e-20	-7.554033e-20
101.5         	4.459023e+00	2.229511e+00	2.229511e+00	3.205016e+00	1.597322e+00	1.607695e+00	-5.186336e-03	6.467193e-19	-9.649091e-20	-2.248575e-19	-2.089197e-19	-1.593785e-20
102           	4.603967e+00	2.301984e+00	2.301984e+00	2.358079e+00	1.172642e+00	1.185437e+00	-6.397673e-03	6.037763e-19	-2.941395e-19	-4.391223e-19	-5.137007e-19	7.457839e-20
102.5         	4.573909e+00	2.286954e+00	2.286954e+00	1.443837e+00	7.156381e-01	7.281993e-01	-6.280604e-03	6.013669e-19	-3.780809e-19	-4.949874e-19	-6.255746e-19	1.305872e-19
103           	4.184057e+00	2.092029e+00	2.092029e+00	5.311809e-01	2.607499e-01	2.704309e-01	-4.840511e-03	6.073307e-19	-3.368998e-19	-4.061465e-19	-5.399731e-19	1.338266e-19
103.5         	3.501655e+00	1.750827e+00	1.750827e+00	-5.503235e-01	-2.785353e-01	-2.717882e-01	-3.373584e-03	5.761815e-19	-1.356138e-19	-1.547443e-19	-2.129859e-19	5.824160e-20
104           	3.059105e+00	1.529552e+00	1.529552e+00	-1.806411e+00	-9.070336e-01	-8.993773e-01	-3.828127e-03	4.773724e-19	1.576970e-19	1.967676e-19	2.560808e-19	-5.931318e-20
104.5         	3.346863e+00	1.673432e+00	1.673432e+00	-2.741797e+00	-1.374409e+00	-1.367388e+00	-3.510538e-03	4.818828e-19	1.619461e-19	2.232657e-19	2.735790e-19	-5.031328e-20
105           	3.852331e+00	1.926166e+00	1.926166e+00	-3.081185e+00	-1.542314e+00	-1.538871e+00	-1.721573e-03	5.077682e-19	6.769653e-21	1.087525e-19	6.114590e-20	4.760659e-20
105.5         	4.176796e+00	2.088398e+00	2.088398e+00	-2.981218e+00	-1.489557e+00	-1.491661e+00	1.051871e-03	5.168749e-19	-5.269976e-20	1.110986e-19	2.849522e-21	1.082490e-19
106           	4.390515e+00	2.195258e+00	2.195258e+00	-2.644188e+00	-1.318804e+00	-1.325384e+00	3.289868e-03	5.355583e-19	3.648490e-20	2.466444e-19	1.598071e-19	8.683728e-20
106.5         	4.468952e+00	2.234476e+00	2.234476e+00	-2.188574e+00	-1.089755e+00	-1.098819e+00	4.531954e-03	5.458542e-19	1.578251e-19	3.656462e-19	3.406482e-19	2.499797e-20
107           	4.336468e+00	2.168234e+00	2.168234e+00	-1.681008e+00	-8.360863e-01	-8.449213e-01	4.417503e-03	5.431472e-19	2.505496e-19	4.223370e-19	4.617181e-19	-3.938115e-20
107.5         	3.945699e+00	1.972850e+00	1.972850e+00	-1.058412e+00	-5.265218e-01	-5.318905e-01	2.684367e-03	5.579079e-19	2.753011e-19	4.068845e-19	4.787434e-19	-7.185892e-20
108           	3.316178e+00	1.658089e+00	1.658089e+00	-2.488337e-01	-1.238188e-01	-1.250149e-01	5.980108e-04	5.511806e-19	1.531580e-19	2.344508e-19	2.703834e-19	-3.593259e-20
108.5         	2.792336e+00	1.396168e+00	1.396168e+00	8.313650e-01	4.159127e-01	4.154523e-01	2.302351e-04	5.362750e-19	-9.513626e-20	-6.130443e-20	-1.257885e-19	6.448404e-20
109           	2.748052e+00	1.374026e+00	1.374026e+00	2.035012e+00	1.018274e+00	1.016739e+00	7.673683e-04	5.644730e-19	-2.783189e-19	-2.770884e-19	-4.168631e-19	1.397747e-19
109.5         	3.221124e+00	1.610562e+00	1.610562e+00	3.067692e+00	1.534690e+00	1.533002e+00	8.440107e-04	5.960285e-19	-3.054382e-19	-3.359672e-19	-4.734218e-19	1.374546e-19
110           	3.839120e+00	1.919560e+00	1.919560e+00	3.605219e+00	1.801911e+00	1.803308e+00	-6.983197e-04	6.046336e-19	-2.103727e-19	-2.738297e-19	-3.472876e-19	7.345782e-20
110.5         	4.322051e+00	2.161025e+00	2.161025e+00	3.580484e+00	1.786728e+00	1.793756e+00	-3.513754e-03	6.375288e-19	-5.043952e-20	-1.353169e-19	-1.180980e-19	-1.721895e-20
111           	4.529616e+00	2.264808e+00	2.264808e+00	3.141895e+00	1.564904e+00	1.576991e+00	-6.043466e-03	6.312936e-19	1.038884e-20	-8.240811e-20	-3.081521e-20	-5.159289e-20
111.5         	4.490040e+00	2.245020e+00	2.245020e+00	2.363887e+00	1.174682e+00	1.189205e+00	-7.261772e-03	6.181635e-19	-6.150066e-20	-1.632760e-19	-1.431387e-19	-2.013734e-20
112           	4.287171e+00	2.143585e+00	2.143585e+00	1.328454e+00	6.572448e-01	6.712094e-01	-6.982259e-03	5.732087e-19	-2.291767e-19	-3.373246e-19	-3.978389e-19	6.051439e-20
112.5         	3.979529e+00	1.989764e+00	1.989764e+00	-8.661310e-03	-9.701981e-03	1.040671e-03	-5.371326e-03	5.953198e-19	-2.503207e-19	-3.334820e-19	-4.170617e-19	8.357967e-20
113           	3.722692e+00	1.861346e+00	1.861346e+00	-1.439380e+00	-7.238511e-01	-7.155284e-01	-4.161345e-03	6.033518e-19	-7.392528e-20	-1.082573e-19	-1.280539e-19	1.979661e-20
113.5         	3.725844e+00	1.862922e+00	1.862922e+00	-2.637410e+00	-1.323318e+00	-1.314092e+00	-4.612900e-03	5.284362e-19	-1.039666e-20	-1.103855e-21	-1.094859e-20	9.844731e-21
114           	3.922226e+00	1.961113e+00	1.961113e+00	-3.157856e+00	-1.583483e+00	-1.574373e+00	-4.555062e-03	4.873820e-19	-1.201671e-19	-7.079707e-20	-1.555657e-19	8.476859e-20
114.5         	3.899925e+00	1.949962e+00	1.949962e+00	-2.906131e+00	-1.455164e+00	-1.450967e+00	-2.098529e-03	4.749192e-19	-1.835970e-19	-7.722811e-20	-2.222110e-19	1.449829e-19
115           	3.819375e+00	1.909688e+00	1.909688e+00	-2.149349e+00	-1.073310e+00	-1.076039e+00	1.364603e-03	4.464186e-19	-8.047147e-21	1.762530e-19	8.007933e-20	9.617363e-20
115.5         	3.882826e+00	1.941413e+00	1.941413e+00	-1.073978e+00	-5.327399e-01	-5.412378e-01	4.248948e-03	5.133385e-19	1.876669e-19	3.961483e-19	3.857411e-19	1.040721e-20
116           	3.978728e+00	1.989364e+00	1.989364e+00	2.189067e-01	1.153065e-01	1.036002e-01	5.853120e-03	6.358609e-19	1.675397e-19	3.196690e-19	3.273742e-19	-7.705180e-21
116.5         	3.859410e+00	1.929705e+00	1.929705e+00	1.524151e+00	7.683047e-01	7.558465e-01	6.229129e-03	6.724544e-19	-5.400515e-20	1.121630e-20	-4.839700e-20	5.961330e-20
117           	3.683956e+00	1.841978e+00	1.841978e+00	2.663951e+00	1.338028e+00	1.325923e+00	6.052464e-03	6.240234e-19	-1.732042e-19	-1.676758e-19	-2.570421e-19	8.936626e-20
117.5         	3.752851e+00	1.876426e+00	1.876426e+00	3.533779e+00	1.772071e+00	1.761708e+00	5.181310e-03	5.893622e-19	-1.238025e-19	-1.471091e-19	-1.973570e-19	5.024792e-20
118           	4.003450e+00	2.001725e+00	2.001725e+00	3.921449e+00	1.963309e+00	1.958140e+00	2.584648e-03	6.165238e-19	8.608888e-21	-3.720565e-20	-9.993934e-21	-2.721171e-20
118.5         	4.214932e+00	2.107466e+00	2.107466e+00	3.823801e+00	1.910353e+00	1.913448e+00	-1.547752e-03	6.599219e-19	4.350845e-20	-3.731292e-20	2.485199e-20	-6.216491e-20
119           	4.505413e+00	2.252706e+00	2.252706e+00	3.344472e+00	1.667214e+00	1.677258e+00	-5.021759e-03	6.594736e-19	-1.259782e-19	-2.618073e-19	-2.568819e-19	-4.925416e-21
119.5         	4.839035e+00	2.419518e+00	2.419518e+00	2.715684e+00	1.351225e+00	1.364459e+00	-6.617151e-03	6.442377e-19	-3.075022e-19	-4.593388e-19	-5.371716e-19	7.783284e-20
120           	4.852255e+00	2.426127e+00	2.426127e+00	2.186831e+00	1.087387e+00	1.099444e+00	-6.028574e-03	6.066343e-19	-4.270644e-19	-5.519989e-19	-7.030638e-19	1.510650e-19
120.5         	4.262624e+00	2.131312e+00	2.131312e+00	1.636840e+00	8.153083e-01	8.215316e-01	-3.111642e-03	5.696900e-19	-4.328664e-19	-5.180067e-19	-6.918697e-19	1.738631e-19
121           	3.298661e+00	1.649331e+00	1.649331e+00	7.645961e-01	3.813778e-01	3.832183e-01	-9.202560e-04	4.818715e-19	-1.775118e-19	-2.004035e-19	-2.777135e-19	7.731006e-20
121.5         	2.689954e+00	1.344977e+00	1.344977e+00	-4.662981e-01	-2.344834e-01	-2.318147e-01	-1.334334e-03	4.416803e-19	1.520994e-19	1.728168e-19	2.385078e-19	-6.569103e-20
122           	2.951765e+00	1.475883e+00	1.475883e+00	-1.820746e+00	-9.127167e-01	-9.080294e-01	-2.343662e-03	5.277475e-19	2.303034e-19	2.678468e-19	3.642268e-19	-9.637997e-20
122.5         	3.618420e+00	1.809210e+00	1.809210e+00	-2.867389e+00	-1.436096e+00	-1.431293e+00	-2.401446e-03	5.692808e-19	1.355889e-19	2.049209e-19	2.380494e-19	-3.312846e-20
123           	4.129398e+00	2.064699e+00	2.064699e+00	-3.360533e+00	-1.681060e+00	-1.679473e+00	-7.936775e-04	5.810013e-19	-3.414409e-20	6.743847e-20	-4.248569e-22	6.786332e-20
123.5         	4.406928e+00	2.203464e+00	2.203464e+00	-3.384394e+00	-1.690099e+00	-1.694295e+00	2.097850e-03	6.032905e-19	-1.664782e-19	-4.084451e-20	-1.869005e-19	1.460559e-19
124           	4.515454e+00	2.257727e+00	2.257727e+00	-3.039546e+00	-1.514867e+00	-1.524679e+00	4.905924e-03	6.449407e-19	-2.013548e-19	-6.198758e-20	-2.323486e-19	1.703610e-19
124.5         	4.546730e+00	2.273365e+00	2.273365e+00	-2.479123e+00	-1.232338e+00	-1.246785e+00	7.223463e-03	6.792198e-19	-1.652381e-19	-3.091335e-20	-1.806948e-19	1.497814e-19
125           	4.424634e+00	2.212317e+00	2.212317e+00	-1.772077e+00	-8.783468e-01	-8.937302e-01	7.691726e-03	6.366870e-19	2.272996e-20	1.624987e-19	1.039793e-19	5.851940e-20
125.5         	4.102947e+00	2.051473e+00	2.051473e+00	-8.624093e-01	-4.254432e-01	-4.369660e-01	5.761414e-03	5.960205e-19	2.396541e-19	3.818286e-19	4.305684e-19	-4.873979e-20
126           	3.606605e+00	1.803302e+00	1.803302e+00	1.817803e-01	9.391635e-02	8.786396e-02	3.026193e-03	6.030880e-19	2.527554e-19	3.560488e-19	4.307798e-19	-7.473105e-20
126.5         	3.083315e+00	1.541657e+00	1.541657e+00	1.367873e+00	6.861657e-01	6.817068e-01	2.229452e-03	5.523043e-19	1.327752e-20	4.926533e-20	3.791018e-20	1.135515e-20
127           	2.945476e+00	1.472738e+00	1.472738e+00	2.478651e+00	1.242478e+00	1.236173e+00	3.152774e-03	4.515233e-19	-2.262942e-19	-2.575067e-19	-3.550475e-19	9.754081e-20
127.5         	3.366445e+00	1.683222e+00	1.683222e+00	3.113990e+00	1.559405e+00	1.554585e+00	2.409712e-03	4.819689e-19	-1.989226e-19	-2.551556e-19	-3.265004e-19	7.134482e-20
128           	3.824315e+00	1.912158e+00	1.912158e+00	3.139202e+00	1.569430e+00	1.569772e+00	-1.710404e-04	5.351561e-19	-9.248442e-20	-1.889441e-19	-1.869565e-19	-1.987609e-21
128.5         	4.032302e+00	2.016151e+00	2.016151e+00	2.747311e+00	1.370715e+00	1.376596e+00	-2.940570e-03	5.302748e-19	-1.402380e-19	-2.860368e-19	-2.832564e-19	-2.780358e-21
129           	4.080887e+00	2.040443e+00	2.040443e+00	2.069059e+00	1.030124e+00	1.038935e+00	-4.405401e-03	5.389305e-19	-2.553993e-19	-4.159882e-19	-4.633935e-19	4.740523e-20
129.5         	4.043537e+00	2.021769e+00	2.021769e+00	1.254182e+00	6.219872e-01	6.321953e-01	-5.104027e-03	5.598341e-19	-3.146650e-19	-4.364375e-19	-5.328837e-19	9.644622e-20
130           	3.866269e+00	1.933135e+00	1.933135e+00	3.116321e-01	1.506056e-01	1.610265e-01	-5.210480e-03	5.855148e-19	-2.353429e-19	-2.986842e-19	-3.846850e-19	8.600080e-20
130.5         	3.574172e+00	1.787086e+00	1.787086e+00	-7.548793e-01	-3.817245e-01	-3.731548e-01	-4.284804e-03	6.176511e-19	-9.596133e-20	-1.129928e-19	-1.524577e-19	3.946493e-20
131           	3.344837e+00	1.672419e+00	1.672419e+00	-1.972912e+00	-9.896297e-01	-9.832828e-01	-3.173434e-03	6.056622e-19	6.522037e-20	7.769426e-20	1.040675e-19	-2.637324e-20
131.5         	3.441407e+00	1.720703e+00	1.720703e+00	-3.092362e+00	-1.548731e+00	-1.543631e+00	-2.549971e-03	5.813622e-19	1.381187e-19	1.713219e-19	2.237796e-19	-5.245772e-20
132           	3.880431e+00	1.940216e+00	1.940216e+00	-3.698512e+00	-1.850236e+00	-1.848276e+00	-9.796771e-04	6.061525e-19	4.731184e-20	9.944835e-20	9.703601e-20	2.412337e-21
132.5         	4.315403e+00	2.157701e+00	2.157701e+00	-3.631692e+00	-1.813669e+00	-1.818023e+00	2.176855e-03	6.545521e-19	-1.181649e-19	-2.940547e-20	-1.328676e-19	1.034622e-19
133           	4.576281e+00	2.288141e+00	2.288141e+00	-3.107613e+00	-1.548497e+00	-1.559116e+00	5.309399e-03	6.355520e-19	-1.315909e-19	1.000421e-20	-1.265888e-19	1.365930e-19
133.5         	4.669415e+00	2.334708e+00	2.334708e+00	-2.322903e+00	-1.154945e+00	-1.167957e+00	6.506151e-03	5.851231e-19	1.906974e-20	1.960825e-19	1.171110e-19	7.897149e-20
134           	4.575365e+00	2.287682e+00	2.287682e+00	-1.347954e+00	-6.674627e-01	-6.804917e-01	6.514455e-03	5.606523e-19	1.726619e-19	3.309921e-19	3.381580e-19	-7.165859e-21
134.5         	4.278677e+00	2.139338e+00	2.139338e+00	-2.478647e-01	-1.182732e-01	-1.295915e-01	5.659161e-03	6.020527e-19	2.092103e-19	3.162539e-19	3.673372e-19	-5.108336e-20
135           	3.846210e+00	1.923105e+00	1.923105e+00	9.780647e-01	4.935223e-01	4.845424e-01	4.489944e-03	6.469994e-19	1.153661e-19	1.775634e-19	2.041478e-19	-2.658437e-20
135.5         	3.567718e+00	1.783859e+00	1.783859e+00	2.242545e+00	1.126211e+00	1.116335e+00	4.937928e-03	6.078788e-19	-3.293170e-20	-1.073954e-20	-3.830147e-20	2.756193e-20
136           	3.643401e+00	1.821701e+00	1.821701e+00	3.022120e+00	1.516229e+00	1.505892e+00	5.168477e-03	5.422808e-19	-4.188188e-20	-6.554106e-20	-7.465241e-20	9.111354e-21
136.5         	3.770617e+00	1.885308e+00	1.885308e+00	3.061596e+00	1.533750e+00	1.527846e+00	2.952250e-03	5.047516e-19	5.891543e-20	-2.354162e-20	4.714462e-20	-7.068623e-20
137           	3.840578e+00	1.920289e+00	1.920289e+00	2.668211e+00	1.333544e+00	1.334667e+00	-5.611916e-04	4.918297e-19	3.006351e-21	-1.541083e-19	-7.404779e-20	-8.006049e-20
137.5         	4.004732e+00	2.002366e+00	2.002366e+00	1.976126e+00	9.841835e-01	9.919420e-01	-3.879248e-03	5.204300e-19	-1.978987e-19	-3.974519e-19	-3.966246e-19	-8.272778e-22
138           	4.210943e+00	2.105472e+00	2.105472e+00	1.077774e+00	5.331100e-01	5.446644e-01	-5.777233e-03	5.944718e-19	-3.423247e-19	-5.176811e-19	-6.011653e-19	8.348419e-20
138.5         	4.172052e+00	2.086026e+00	2.086026e+00	1.662374e-01	7.701056e-02	8.922680e-02	-6.108121e-03	6.216544e-19	-2.917025e-19	-4.002943e-19	-4.918497e-19	9.155539e-20
139           	3.737809e+00	1.868905e+00	1.868905e+00	-6.803342e-01	-3.451744e-01	-3.351598e-01	-5.007278e-03	6.046054e-19	-1.195358e-19	-1.587924e-19	-1.989320e-19	4.013961e-20
139.5         	3.157636e+00	1.578818e+00	1.578818e+00	-1.662429e+00	-8.352190e-01	-8.272097e-01	-4.004643e-03	5.309306e-19	1.228214e-19	1.452330e-19	1.954379e-19	-5.020484e-20
140           	3.048112e+00	1.524056e+00	1.524056e+00	-2.685586e+00	-1.346411e+00	-1.339175e+00	-3.618136e-03	4.745647e-19	3.013890e-19	3.604357e-19	4.816068e-19	-1.211711e-19
140.5         	3.501628e+00	1.750814e+00	1.750814e+00	-3.385656e+00	-1.694716e+00	-1.690940e+00	-1.887798e-03	5.404528e-19	2.217862e-19	2.843356e-19	3.639540e-19	-7.961845e-20
141           	4.025756e+00	2.012878e+00	2.012878e+00	-3.620058e+00	-1.809087e+00	-1.810971e+00	9.422718e-04	6.031526e-19	9.809689e-20	1.917174e-19	1.939556e-19	-2.238185e-21
141.5         	4.439390e+00	2.219695e+00	2.219695e+00	-3.525303e+00	-1.758897e+00	-1.766405e+00	3.754014e-03	6.161976e-19	7.542099e-20	2.102295e-19	1.805358e-19	2.969377e-20
142           	4.721789e+00	2.360895e+00	2.360895e+00	-3.263292e+00	-1.626584e+00	-1.636708e+00	5.061655e-03	6.230073e-19	1.187343e-19	2.743220e-19	2.558953e-19	1.842664e-20
142.5         	4.788336e+00	2.394168e+00	2.394168e+00	-2.972579e+00	-1.481205e+00	-1.491374e+00	5.084528e-03	5.928197e-19	1.946690e-19	3.414518e-19	3.653949e-19	-2.394309e-20
143           	4.491110e+00	2.245555e+00	2.245555e+00	-2.607090e+00	-1.300311e+00	-1.306779e+00	3.234225e-03	5.726389e-19	2.781501e-19	4.103068e-19	4.833035e-19	-7.299668e-20
143.5         	3.847396e+00	1.923698e+00	1.923698e+00	-2.074153e+00	-1.036539e+00	-1.037614e+00	5.378229e-04	5.443654e-19	2.907129e-19	3.978427e-19	4.896343e-19	-9.179158e-20
144           	3.078608e+00	1.539304e+00	1.539304e+00	-1.279345e+00	-6.404307e-01	-6.389145e-01	-7.580978e-04	5.009737e-19	1.721233e-19	2.462571e-19	2.952518e-19	-4.899474e-20
144.5         	2.530341e+00	1.265170e+00	1.265170e+00	-2.124237e-01	-1.062555e-01	-1.061682e-01	-4.364424e-05	4.757803e-19	-2.290170e-20	7.481551e-21	-1.916093e-20	2.664248e-20
145           	2.529720e+00	1.264860e+00	1.264860e+00	1.020246e+00	5.114918e-01	5.087539e-01	1.368949e-03	5.001770e-19	-1.634084e-19	-1.796293e-19	-2.532231e-19	7.359378e-20
145.5         	2.923913e+00	1.461957e+00	1.461957e+00	2.215482e+00	1.109831e+00	1.105651e+00	2.089979e-03	5.187167e-19	-2.295994e-19	-2.916275e-19	-3.754132e-19	8.378567e-20
146           	3.494526e+00	1.747263e+00	1.747263e+00	3.096842e+00	1.549821e+00	1.547020e+00	1.400386e-03	5.385904e-19	-1.702074e-19	-2.601120e-19	-3.002634e-19	4.015147e-20
146.5         	4.054254e+00	2.027127e+00	2.027127e+00	3.439759e+00	1.718945e+00	1.720815e+00	-9.349860e-04	5.970562e-19	-6.998812e-21	-1.062233e-19	-6.011045e-20	-4.611282e-20
147           	4.332003e+00	2.166001e+00	2.166001e+00	3.220459e+00	1.606213e+00	1.614246e+00	-4.016436e-03	6.432054e-19	1.144940e-19	5.281531e-21	1.171348e-19	-1.118533e-19
147.5         	4.291084e+00	2.145542e+00	2.145542e+00	2.600021e+00	1.293733e+00	1.306288e+00	-6.277381e-03	6.457365e-19	9.414669e-20	-2.744417e-20	8.042461e-20	-1.078688e-19
148           	4.101339e+00	2.050670e+00	2.050670e+00	1.719084e+00	8.520632e-01	8.670205e-01	-7.478644e-03	6.143936e-19	-1.269386e-20	-1.351892e-19	-8.028844e-20	-5.490071e-20
148.5         	3.792882e+00	1.896441e+00	1.896441e+00	5.826531e-01	2.841696e-01	2.984835e-01	-7.156945e-03	5.444387e-19	-1.814212e-19	-3.042010e-19	-3.335216e-19	2.932068e-20
149           	3.492711e+00	1.746356e+00	1.746356e+00	-8.407917e-01	-4.261605e-01	-4.146313e-01	-5.764606e-03	5.606474e-19	-1.449056e-19	-2.262676e-19	-2.580394e-19	3.177182e-20
149.5         	3.459832e+00	1.729916e+00	1.729916e+00	-2.281732e+00	-1.145685e+00	-1.136047e+00	-4.819076e-03	5.609098e-19	-3.537631e-22	-3.677539e-20	-1.874146e-20	-1.803393e-20
150           	3.788117e+00	1.894059e+00	1.894059e+00	-3.348426e+00	-1.678529e+00	-1.669896e+00	-4.316660e-03	5.209633e-19	-5.212042e-20	-5.462889e-20	-7.943486e-20	2.480598e-20
150.5         	4.180522e+00	2.090261e+00	2.090261e+00	-3.730734e+00	-1.867851e+00	-1.862884e+00	-2.483335e-03	5.781024e-19	-2.653509e-19	-2.467318e-19	-3.887168e-19	1.419850e-19
151           	4.273881e+00	2.136940e+00	2.136940e+00	-3.514732e+00	-1.756706e+00	-1.758026e+00	6.602053e-04	6.180218e-19	-2.969136e-19	-2.214928e-19	-4.076599e-19	1.861672e-19
151.5         	4.208602e+00	2.104301e+00	2.104301e+00	-2.796722e+00	-1.395148e+00	-1.401574e+00	3.213016e-03	5.839385e-19	-4.143038e-20	1.157970e-19	1.646812e-20	9.932888e-20
152           	4.206793e+00	2.103396e+00	2.103396e+00	-1.726353e+00	-8.583706e-01	-8.679820e-01	4.805726e-03	5.775202e-19	2.060290e-19	3.905089e-19	4.012835e-19	-1.077459e-20
152.5         	4.046382e+00	2.023191e+00	2.023191e+00	-4.414657e-01	-2.155869e-01	-2.258787e-01	5.145894e-03	6.008131e-19	2.030360e-19	3.283832e-19	3.672276e-19	-3.884435e-20
153           	3.730159e+00	1.865079e+00	1.865079e+00	8.722285e-01	4.412729e-01	4.309555e-01	5.158690e-03	6.117493e-19	7.276078e-22	4.604502e-20	2.375012e-20	2.229490e-20
153.5         	3.530376e+00	1.765188e+00	1.765188e+00	2.125816e+00	1.068359e+00	1.057457e+00	5.451240e-03	5.693222e-19	-9.010049e-20	-9.199099e-20	-1.360960e-19	4.410499e-20
154           	3.680912e+00	1.840456e+00	1.840456e+00	3.182153e+00	1.596575e+00	1.585578e+00	5.498493e-03	5.423887e-19	-5.589145e-20	-8.131105e-20	-9.654698e-20	1.523593e-20
154.5         	4.027853e+00	2.013926e+00	2.013926e+00	3.679640e+00	1.843028e+00	1.836612e+00	3.208288e-03	6.094570e-19	9.366241e-20	5.514040e-20	1.212326e-19	-6.609221e-20
155           	4.201572e+00	2.100786e+00	2.100786e+00	3.567214e+00	1.783066e+00	1.784148e+00	-5.406281e-04	6.452025e-19	1.233254e-19	2.408596e-20	1.353683e-19	-1.112824e-19
155.5         	4.375920e+00	2.187960e+00	2.187960e+00	3.048355e+00	1.520575e+00	1.527780e+00	-3.602541e-03	6.216409e-19	-7.429463e-20	-2.557543e-19	-2.021718e-19	-5.358251e-20
156           	4.599799e+00	2.299900e+00	2.299900e+00	2.312319e+00	1.150859e+00	1.161460e+00	-5.300703e-03	6.093897e-19	-2.711235e-19	-4.780069e-19	-5.101269e-19	3.212003e-20
156.5         	4.579841e+00	2.289920e+00	2.289920e+00	1.574217e+00	7.814482e-01	7.927690e-01	-5.660425e-03	5.904424e-19	-3.449041e-19	-5.027266e-19	-5.962674e-19	9.354082e-20
157           	4.126387e+00	2.063194e+00	2.063194e+00	8.891281e-01	4.401559e-01	4.489723e-01	-4.408195e-03	5.713978e-19	-3.330792e-19	-4.270883e-19	-5.466234e-19	1.195350e-19
157.5         	3.358133e+00	1.679066e+00	1.679066e+00	-3.799524e-02	-2.143287e-02	-1.656237e-02	-2.435247e-03	5.285623e-19	-1.506430e-19	-1.870926e-19	-2.441893e-19	5.709673e-20
158           	2.860741e+00	1.430370e+00	1.430370e+00	-1.285504e+00	-6.448425e-01	-6.406615e-01	-2.090510e-03	4.844955e-19	1.574939e-19	1.648566e-19	2.399222e-19	-7.506558e-20
158.5         	3.069690e+00	1.534845e+00	1.534845e+00	-2.516534e+00	-1.260608e+00	-1.255926e+00	-2.341046e-03	5.278517e-19	2.569544e-19	2.825473e-19	3.982280e-19	-1.156807e-19
159           	3.702094e+00	1.851047e+00	1.851047e+00	-3.299268e+00	-1.650996e+00	-1.648272e+00	-1.362058e-03	5.800561e-19	1.452358e-19	2.017046e-19	2.460881e-19	-4.438355e-20
159.5         	4.185228e+00	2.092614e+00	2.092614e+00	-3.500989e+00	-1.749387e+00	-1.751601e+00	1.107019e-03	6.077230e-19	-1.650583e-20	7.759115e-20	2.228975e-20	5.530140e-20
160           	4.441258e+00	2.220629e+00	2.220629e+00	-3.291480e+00	-1.641892e+00	-1.649587e+00	3.847515e-03	6.098971e-19	-8.613668e-20	4.102521e-20	-6.562407e-20	1.066493e-19
160.5         	4.549359e+00	2.274680e+00	2.274680e+00	-2.839270e+00	-1.413970e+00	-1.425300e+00	5.664569e-03	6.217850e-19	-5.962138e-20	8.158045e-20	-1.883116e-20	1.004116e-19
161           	4.504329e+00	2.252165e+00	2.252165e+00	-2.247881e+00	-1.117581e+00	-1.130299e+00	6.359051e-03	5.919840e-19	7.920692e-20	2.214845e-19	1.899492e-19	3.153534e-20
161.5         	4.268280e+00	2.134140e+00	2.134140e+00	-1.466907e+00	-7.281666e-01	-7.387407e-01	5.287073e-03	5.680803e-19	2.479079e-19	3.829959e-19	4.394059e-19	-5.640997e-20
162           	3.826774e+00	1.913387e+00	1.913387e+00	-5.142854e-01	-2.543443e-01	-2.599411e-01	2.798383e-03	5.942612e-19	2.798231e-19	3.800816e-19	4.698639e-19	-8.978234e-20
162.5         	3.266610e+00	1.633305e+00	1.633305e+00	6.466680e-01	3.246958e-01	3.219722e-01	1.361831e-03	5.966251e-19	9.776087e-20	1.476262e-19	1.715740e-19	-2.394778e-20
163           	2.922837e+00	1.461418e+00	1.461418e+00	1.889104e+00	9.467218e-01	9.423818e-01	2.170007e-03	5.228978e-19	-1.766650e-19	-1.889358e-19	-2.711329e-19	8.219712e-20
163.5         	3.195342e+00	1.597671e+00	1.597671e+00	2.885822e+00	1.445382e+00	1.440439e+00	2.471526e-03	5.197713e-19	-2.311235e-19	-2.783464e-19	-3.702967e-19	9.195030e-20
164           	3.784930e+00	1.892465e+00	1.892465e+00	3.326017e+00	1.663934e+00	1.662084e+00	9.249423e-04	5.688149e-19	-1.001270e-19	-1.781322e-19	-1.891931e-19	1.106094e-20
164.5         	4.163621e+00	2.081810e+00	2.081810e+00	3.200403e+00	1.598445e+00	1.601958e+00	-1.756670e-03	5.917259e-19	5.733352e-21	-1.186392e-19	-5.358624e-20	-6.505294e-20
165           	4.272923e+00	2.136461e+00	2.136461e+00	2.733760e+00	1.362907e+00	1.370853e+00	-3.973166e-03	5.663256e-19	-6.769911e-20	-2.313621e-19	-1.833802e-19	-4.798195e-20
165.5         	4.229584e+00	2.114792e+00	2.114792e+00	2.031319e+00	1.010573e+00	1.020746e+00	-5.086334e-03	5.510659e-19	-2.043846e-19	-3.735698e-19	-3.911695e-19	1.759971e-20
166           	4.084722e+00	2.042361e+00	2.042361e+00	1.134181e+00	5.616530e-01	5.725276e-01	-5.437291e-03	5.520570e-19	-2.881151e-19	-4.173480e-19	-4.967891e-19	7.944108e-20
166.5         	3.841726e+00	1.920863e+00	1.920863e+00	6.621720e-02	2.821082e-02	3.800638e-02	-4.897778e-03	5.951081e-19	-2.330975e-19	-3.084093e-19	-3.873021e-19	7.889281e-20
167           	3.525611e+00	1.762806e+00	1.762806e+00	-1.111604e+00	-5.595336e-01	-5.520707e-01	-3.731467e-03	6.208038e-19	-8.105899e-20	-1.118547e-19	-1.369863e-19	2.513166e-20
167.5         	3.334608e+00	1.667304e+00	1.667304e+00	-2.347807e+00	-1.177140e+00	-1.170667e+00	-3.236714e-03	5.835320e-19	7.319487e-20	7.532634e-20	1.108580e-19	-3.553170e-20
168           	3.524567e+00	1.762283e+00	1.762283e+00	-3.309022e+00	-1.657362e+00	-1.651660e+00	-2.850759e-03	5.514347e-19	1.022749e-19	1.316396e-19	1.680947e-19	-3.645509e-20
168.5         	3.947662e+00	1.973831e+00	1.973831e+00	-3.574681e+00	-1.788049e+00	-1.786631e+00	-7.090504e-04	5.795847e-19	-2.472230e-20	4.040086e-20	-4.521876e-21	4.492273e-20
169           	4.249911e+00	2.124955e+00	2.124955e+00	-3.230386e+00	-1.612478e+00	-1.617907e+00	2.714289e-03	5.989372e-19	-1.123391e-19	7.815306e-21	-1.084314e-19	1.162467e-19
169.5         	4.383496e+00	2.191748e+00	2.191748e+00	-2.506446e+00	-1.248007e+00	-1.258439e+00	5.215701e-03	5.430852e-19	2.235100e-20	1.975898e-19	1.211459e-19	7.644391e-20
170           	4.403583e+00	2.201791e+00	2.201791e+00	-1.557182e+00	-7.725290e-01	-7.846532e-01	6.062087e-03	5.332793e-19	1.741121e-19	3.484781e-19	3.483511e-19	1.269664e-22
170.5         	4.260818e+00	2.130409e+00	2.130409e+00	-4.323575e-01	-2.099101e-01	-2.224474e-01	6.268686e-03	5.798128e-19	1.903626e-19	3.061876e-19	3.434564e-19	-3.726882e-20
171           	3.977006e+00	1.988503e+00	1.988503e+00	7.854191e-01	3.984762e-01	3.869430e-01	5.766601e-03	6.374581e-19	9.040227e-20	1.499430e-19	1.653737e-19	-1.543079e-20
171.5         	3.718148e+00	1.859074e+00	1.859074e+00	2.047888e+00	1.029100e+00	1.018788e+00	5.155832e-03	6.525144e-19	-1.114714e-20	1.315057e-20	-4.571855e-21	1.772243e-20
172           	3.737972e+00	1.868986e+00	1.868986e+00	3.067997e+00	1.539229e+00	1.528769e+00	5.230134e-03	6.047237e-19	-3.060424e-20	-3.548134e-20	-4.834491e-20	1.286358e-20
172.5         	3.901747e+00	1.950873e+00	1.950873e+00	3.428748e+00	1.718001e+00	1.710747e+00	3.626925e-03	5.868591e-19	7.929028e-20	3.526667e-20	9.692362e-20	-6.165695e-20
173           	3.987588e+00	1.993794e+00	1.993794e+00	3.172779e+00	1.586560e+00	1.586219e+00	1.706035e-04	5.771530e-19	1.203545e-19	5.147738e-21	1.229284e-19	-1.177807e-19
173.5         	4.137009e+00	2.068504e+00	2.068504e+00	2.530730e+00	1.262045e+00	1.268685e+00	-3.319848e-03	5.471607e-19	-6.508915e-20	-2.556006e-19	-1.928895e-19	-6.271116e-20
174           	4.363889e+00	2.181945e+00	2.181945e+00	1.649314e+00	8.190716e-01	8.302422e-01	-5.585303e-03	5.701856e-19	-2.832411e-19	-4.868555e-19	-5.266688e-19	3.981331e-20
174.5         	4.429100e+00	2.214550e+00	2.214550e+00	7.038200e-01	3.456846e-01	3.581355e-01	-6.225434e-03	6.021931e-19	-3.388620e-19	-4.855866e-19	-5.816553e-19	9.606865e-20
175           	4.052284e+00	2.026142e+00	2.026142e+00	-1.548107e-01	-8.257885e-02	-7.223183e-02	-5.173510e-03	5.969815e-19	-2.302560e-19	-3.050052e-19	-3.827586e-19	7.775339e-20
175.5         	3.383671e+00	1.691835e+00	1.691835e+00	-1.138753e+00	-5.732638e-01	-5.654888e-01	-3.887512e-03	5.475769e-19	-3.876912e-21	-1.339617e-20	-1.057499e-20	-2.821171e-21
176           	3.040197e+00	1.520098e+00	1.520098e+00	-2.203354e+00	-1.105689e+00	-1.097665e+00	-4.012188e-03	4.542311e-19	2.536858e-19	3.019270e-19	4.046492e-19	-1.027223e-19
176.5         	3.324875e+00	1.662438e+00	1.662438e+00	-3.013804e+00	-1.510032e+00	-1.503771e+00	-3.130363e-03	4.848192e-19	2.329533e-19	2.906538e-19	3.782802e-19	-8.762636e-20
177           	3.805840e+00	1.902920e+00	1.902920e+00	-3.345817e+00	-1.673448e+00	-1.672369e+00	-5.395562e-04	5.410557e-19	1.029968e-19	1.912315e-19	1.986126e-19	-7.381102e-21
177.5         	4.226028e+00	2.113014e+00	2.113014e+00	-3.343002e+00	-1.668956e+00	-1.674045e+00	2.544405e-03	5.792452e-19	6.838286e-20	2.022196e-19	1.694927e-19	3.272694e-20
178           	4.557485e+00	2.278742e+00	2.278742e+00	-3.160152e+00	-1.575692e+00	-1.584460e+00	4.384353e-03	5.971482e-19	1.139827e-19	2.734194e-19	2.506924e-19	2.272697e-20
178.5         	4.700502e+00	2.350251e+00	2.350251e+00	-2.946603e+00	-1.468531e+00	-1.478073e+00	4.771058e-03	5.910062e-19	1.935082e-19	3.558082e-19	3.714123e-19	-1.560408e-20
179           	4.546062e+00	2.273031e+00	2.273031e+00	-2.665177e+00	-1.329096e+00	-1.336081e+00	3.492383e-03	5.659834e-19	2.748842e-19	4.225267e-19	4.861475e-19	-6.362087e-20
179.5         	4.043269e+00	2.021635e+00	2.021635e+00	-2.260014e+00	-1.129165e+00	-1.130849e+00	8.421302e-04	5.466562e-19	3.028761e-19	4.293561e-19	5.175542e-19	-8.819803e-20
180           	3.302616e+00	1.651308e+00	1.651308e+00	-1.649738e+00	-8.259699e-01	-8.237680e-01	-1.100941e-03	5.020341e-19	2.118354e-19	3.020372e-19	3.628540e-19	-6.081686e-20
180.5         	2.651246e+00	1.325623e+00	1.325623e+00	-7.911482e-01	-3.966259e-01	-3.945223e-01	-1.051828e-03	4.743383e-19	4.153192e-20	9.460852e-20	8.883618e-20	5.772346e-21
181           	2.420358e+00	1.210179e+00	1.210179e+00	3.181920e-01	1.592671e-01	1.589249e-01	1.710949e-04	4.979250e-19	-1.012254e-19	-8.794197e-20	-1.451964e-19	5.725446e-20
181.5         	2.607587e+00	1.303793e+00	1.303793e+00	1.512685e+00	7.577327e-01	7.549522e-01	1.390247e-03	5.229065e-19	-2.060273e-19	-2.388025e-19	-3.254286e-19	8.662610e-20
182           	3.036938e+00	1.518469e+00	1.518469e+00	2.592066e+00	1.297642e+00	1.294424e+00	1.609032e-03	5.228053e-19	-2.486449e-19	-3.231192e-19	-4.102045e-19	8.708531e-20
182.5         	3.622477e+00	1.811239e+00	1.811239e+00	3.327148e+00	1.663886e+00	1.663262e+00	3.118516e-04	5.472925e-19	-1.637210e-19	-2.515539e-19	-2.894980e-19	3.794404e-20
183           	4.139756e+00	2.069878e+00	2.069878e+00	3.511113e+00	1.753213e+00	1.757900e+00	-2.343586e-03	6.090021e-19	-4.929698e-21	-9.729933e-20	-5.357936e-20	-4.371997e-20
183.5         	4.381611e+00	2.190805e+00	2.190805e+00	3.172801e+00	1.581101e+00	1.591700e+00	-5.299720e-03	6.458857e-19	9.414179e-20	-5.443278e-21	9.142015e-20	-9.686343e-20
184           	4.344003e+00	2.172002e+00	2.172002e+00	2.466596e+00	1.226034e+00	1.240563e+00	-7.264663e-03	6.481016e-19	7.482075e-20	-3.022720e-20	5.970715e-20	-8.993435e-20
184.5         	4.134913e+00	2.067457e+00	2.067457e+00	1.530812e+00	7.577126e-01	7.730993e-01	-7.693361e-03	6.259869e-19	-3.686939e-20	-1.490161e-19	-1.113774e-19	-3.763865e-20
185           	3.769138e+00	1.884569e+00	1.884569e+00	3.560220e-01	1.713414e-01	1.846806e-01	-6.669580e-03	5.526420e-19	-1.949427e-19	-3.064374e-19	-3.481614e-19	4.172397e-20
185.5         	3.440943e+00	1.720472e+00	1.720472e+00	-1.075193e+00	-5.425830e-01	-5.326105e-01	-4.986241e-03	5.527258e-19	-1.221398e-19	-1.892406e-19	-2.167601e-19	2.751951e-20
186           	3.453776e+00	1.726888e+00	1.726888e+00	-2.437528e+00	-1.223517e+00	-1.214011e+00	-4.753410e-03	5.310574e-19	8.248978e-21	-7.531398e-21	4.483279e-21	-1.201468e-20
186.5         	3.821349e+00	1.910674e+00	1.910674e+00	-3.281100e+00	-1.645321e+00	-1.635779e+00	-4.770822e-03	4.914886e-19	-1.039085e-19	-8.870845e-20	-1.482628e-19	5.955432e-20
187           	4.050614e+00	2.025307e+00	2.025307e+00	-3.405756e+00	-1.705787e+00	-1.699969e+00	-2.908909e-03	5.417756e-19	-2.941818e-19	-2.527760e-19	-4.205698e-19	1.677938e-19
187.5         	3.970303e+00	1.985152e+00	1.985152e+00	-2.994155e+00	-1.497040e+00	-1.497115e+00	3.775564e-05	5.245067e-19	-1.765618e-19	-5.901968e-20	-2.060717e-19	1.470520e-19
188           	3.882200e+00	1.941100e+00	1.941100e+00	-2.117052e+00	-1.055873e+00	-1.061179e+00	2.653358e-03	5.184750e-19	9.593766e-20	2.804376e-19	2.361564e-19	4.428112e-20
188.5         	3.907107e+00	1.953554e+00	1.953554e+00	-9.211183e-01	-4.560849e-01	-4.650334e-01	4.474221e-03	5.888827e-19	2.465117e-19	4.157902e-19	4.544068e-19	-3.861664e-20
189           	3.766071e+00	1.883035e+00	1.883035e+00	4.064693e-01	2.082292e-01	1.982401e-01	4.994550e-03	6.410357e-19	9.894991e-20	1.905305e-19	1.942152e-19	-3.684652e-21
189.5         	3.494836e+00	1.747418e+00	1.747418e+00	1.688392e+00	8.491674e-01	8.392241e-01	4.971681e-03	5.999547e-19	-1.365392e-19	-1.218155e-19	-1.974470e-19	7.563145e-20
190           	3.482522e+00	1.741261e+00	1.741261e+00	2.818902e+00	1.414460e+00	1.404442e+00	5.009010e-03	5.411004e-19	-1.756524e-19	-2.021287e-19	-2.767167e-19	7.458806e-20
190.5         	3.834717e+00	1.917359e+00	1.917359e+00	3.625274e+00	1.816348e+00	1.808925e+00	3.711397e-03	5.633381e-19	-6.692582e-20	-1.107477e-19	-1.222997e-19	1.155198e-20
191           	4.202087e+00	2.101043e+00	2.101043e+00	3.888819e+00	1.944777e+00	1.944042e+00	3.673824e-04	6.612756e-19	7.558792e-20	1.718335e-20	8.417959e-20	-6.699624e-20
191.5         	4.403356e+00	2.201678e+00	2.201678e+00	3.636837e+00	1.815097e+00	1.821740e+00	-3.321482e-03	6.835447e-19	2.343165e-20	-9.078192e-20	-2.195931e-20	-6.882261e-20
192           	4.612529e+00	2.306264e+00	2.306264e+00	3.040741e+00	1.514648e+00	1.526092e+00	-5.721867e-03	6.517042e-19	-1.378074e-19	-2.998720e-19	-2.877434e-19	-1.212863e-20
192.5         	4.768013e+00	2.384007e+00	2.384007e+00	2.314005e+00	1.150513e+00	1.163492e+00	-6.489455e-03	6.116831e-19	-2.895498e-19	-4.524042e-19	-5.157519e-19	6.334770e-20
193           	4.594552e+00	2.297276e+00	2.297276e+00	1.622783e+00	8.055622e-01	8.172209e-01	-5.829347e-03	5.934140e-19	-3.743206e-19	-5.016325e-19	-6.251368e-19	1.235043e-19
193.5         	3.996374e+00	1.998187e+00	1.998187e+00	8.509445e-01	4.220393e-01	4.289052e-01	-3.432963e-03	5.846361e-19	-3.581889e-19	-4.419488e-19	-5.791633e-19	1.372145e-19
194           	3.184781e+00	1.592390e+00	1.592390e+00	-2.168905e-01	-1.104425e-01	-1.064481e-01	-1.997213e-03	5.255153e-19	-1.093171e-19	-1.403010e-19	-1.794676e-19	3.916658e-20
194.5         	2.786703e+00	1.393351e+00	1.393351e+00	-1.499803e+00	-7.524706e-01	-7.473325e-01	-2.569088e-03	4.698130e-19	1.905462e-19	2.039096e-19	2.925011e-19	-8.859144e-20
195           	3.192725e+00	1.596363e+00	1.596363e+00	-2.615232e+00	-1.310422e+00	-1.304810e+00	-2.805753e-03	5.046436e-19	2.194436e-19	2.640893e-19	3.514882e-19	-8.739892e-20
195.5         	3.807177e+00	1.903589e+00	1.903589e+00	-3.202571e+00	-1.602890e+00	-1.599681e+00	-1.604637e-03	5.414374e-19	7.377748e-20	1.565179e-19	1.520364e-19	4.481473e-21
196           	4.190361e+00	2.095180e+00	2.095180e+00	-3.283115e+00	-1.640540e+00	-1.642576e+00	1.017860e-03	5.779171e-19	-6.952189e-20	4.738409e-20	-4.582984e-20	9.321394e-20
196.5         	4.351929e+00	2.175965e+00	2.175965e+00	-3.052465e+00	-1.522850e+00	-1.529614e+00	3.381982e-03	5.948591e-19	-8.123649e-20	6.241667e-20	-5.002816e-20	1.124448e-19
197           	4.392914e+00	2.196457e+00	2.196457e+00	-2.624307e+00	-1.307058e+00	-1.317249e+00	5.095233e-03	5.982665e-19	-1.606295e-20	1.381221e-19	5.299812e-20	8.512402e-20
197.5         	4.300297e+00	2.150148e+00	2.150148e+00	-2.043387e+00	-1.016097e+00	-1.027290e+00	5.596855e-03	5.570459e-19	1.419871e-19	2.943781e-19	2.891761e-19	5.201984e-21
198           	4.072378e+00	2.036189e+00	2.036189e+00	-1.309187e+00	-6.500938e-01	-6.590933e-01	4.499757e-03	5.595617e-19	2.699239e-19	4.054815e-19	4.726646e-19	-6.718314e-20
198.5         	3.652354e+00	1.826177e+00	1.826177e+00	-4.259507e-01	-2.108182e-01	-2.151325e-01	2.157126e-03	5.917540e-19	2.638187e-19	3.617116e-19	4.446745e-19	-8.296288e-20
199           	3.090953e+00	1.545477e+00	1.545477e+00	6.330671e-01	3.174629e-01	3.156042e-01	9.293028e-04	5.772854e-19	6.943367e-20	1.176699e-19	1.282686e-19	-1.059872e-20
199.5         	2.739079e+00	1.369539e+00	1.369539e+00	1.805517e+00	9.043743e-01	9.011422e-01	1.616011e-03	5.174839e-19	-2.008907e-19	-2.130434e-19	-3.074124e-19	9.436901e-20
200           	3.021359e+00	1.510679e+00	1.510679e+00	2.831880e+00	1.417728e+00	1.414152e+00	1.787950e-03	5.296818e-19	-2.716828e-19	-3.112549e-19	-4.273102e-19	1.160553e-19
