Time        	Cd            	Cd(f)         	Cd(r)         	Cl            	Cl(f)         	Cl(r)         	CmPitch       	CmRoll        	CmYaw         	Cs            	Cs(f)         	Cs(r)         
0             	4.180066e+00	2.090033e+00	2.090033e+00	2.393918e-16	-7.615436e-16	1.000935e-15	-8.812395e-16	4.960917e-21	6.171668e-20	1.233799e-34	6.171668e-20	-6.171668e-20
0.5           	2.881361e+00	1.440681e+00	1.440681e+00	-1.207163e-07	-8.116038e-08	-3.955596e-08	-2.080221e-08	2.757929e-19	1.116456e-20	2.693589e-20	2.463250e-20	2.303392e-21
1             	2.415710e+00	1.207855e+00	1.207855e+00	1.848833e-07	7.254423e-08	1.123390e-07	-1.989739e-08	3.301322e-19	8.329547e-21	2.780777e-20	2.223343e-20	5.574339e-21
1.5           	2.472035e+00	1.236018e+00	1.236018e+00	-1.830114e-07	-1.559406e-07	-2.707076e-08	-6.443492e-08	3.867661e-19	7.215098e-21	2.784146e-20	2.113583e-20	6.705631e-21
2             	2.620725e+00	1.310362e+00	1.310362e+00	-2.393181e-08	-9.989314e-08	7.596133e-08	-8.792724e-08	4.354743e-19	6.632424e-21	2.775392e-20	2.050939e-20	7.244537e-21
2.5           	2.748059e+00	1.374029e+00	1.374029e+00	-3.041713e-07	-2.938207e-07	-1.035054e-08	-1.417351e-07	4.683389e-19	5.976820e-21	2.718225e-20	1.956795e-20	7.614306e-21
3             	2.814521e+00	1.407260e+00	1.407260e+00	-6.614367e-07	-4.259242e-07	-2.355126e-07	-9.520580e-08	4.835277e-19	5.213156e-21	2.624425e-20	1.833528e-20	7.908970e-21
3.5           	2.817870e+00	1.408935e+00	1.408935e+00	-3.402460e-07	-1.637783e-07	-1.764676e-07	6.344635e-09	4.845354e-19	4.440141e-21	2.517160e-20	1.702594e-20	8.145658e-21
4             	2.776918e+00	1.388459e+00	1.388459e+00	4.661346e-07	2.501206e-07	2.160139e-07	1.705337e-08	4.773751e-19	3.771440e-21	2.416990e-20	1.585639e-20	8.313510e-21
4.5           	2.717377e+00	1.358688e+00	1.358688e+00	1.765014e-06	9.286307e-07	8.363838e-07	4.612349e-08	4.676131e-19	3.244545e-21	2.333830e-20	1.491369e-20	8.424605e-21
5             	2.654923e+00	1.327462e+00	1.327462e+00	2.367142e-06	1.503086e-06	8.640555e-07	3.195153e-07	4.582260e-19	2.865375e-21	2.268166e-20	1.420621e-20	8.475454e-21
5.5           	2.599266e+00	1.299633e+00	1.299633e+00	2.923054e-06	1.805027e-06	1.118027e-06	3.435000e-07	4.503503e-19	2.598740e-21	2.216887e-20	1.368318e-20	8.485697e-21
6             	2.551452e+00	1.275726e+00	1.275726e+00	5.103693e-06	2.878007e-06	2.225685e-06	3.261610e-07	4.438240e-19	2.401184e-21	2.175003e-20	1.327620e-20	8.473831e-21
6.5           	2.510176e+00	1.255088e+00	1.255088e+00	5.697663e-06	3.194872e-06	2.502791e-06	3.460404e-07	4.382860e-19	2.241611e-21	2.138389e-20	1.293356e-20	8.450334e-21
7             	2.473441e+00	1.236720e+00	1.236720e+00	6.366303e-06	3.691518e-06	2.674785e-06	5.083665e-07	4.333878e-19	2.094815e-21	2.103398e-20	1.261180e-20	8.422173e-21
7.5           	2.440708e+00	1.220354e+00	1.220354e+00	7.325973e-06	4.060473e-06	3.265500e-06	3.974867e-07	4.289330e-19	1.958081e-21	2.070302e-20	1.230959e-20	8.393430e-21
8             	2.410483e+00	1.205241e+00	1.205241e+00	7.856768e-06	4.412933e-06	3.443835e-06	4.845486e-07	4.247490e-19	1.824456e-21	2.037093e-20	1.200992e-20	8.361011e-21
8.5           	2.382815e+00	1.191408e+00	1.191408e+00	9.536448e-06	5.260266e-06	4.276182e-06	4.920420e-07	4.208288e-19	1.689774e-21	2.003399e-20	1.170677e-20	8.327223e-21
9             	2.358800e+00	1.179400e+00	1.179400e+00	9.397558e-06	5.051670e-06	4.345888e-06	3.528913e-07	4.172151e-19	1.557452e-21	1.972061e-20	1.141776e-20	8.302854e-21
9.5           	2.336565e+00	1.168282e+00	1.168282e+00	1.035563e-05	5.486621e-06	4.869005e-06	3.088081e-07	4.137766e-19	1.419679e-21	1.939513e-20	1.111724e-20	8.277885e-21
10            	2.317062e+00	1.158531e+00	1.158531e+00	1.038198e-05	5.401259e-06	4.980721e-06	2.102691e-07	4.105248e-19	1.283395e-21	1.908665e-20	1.082672e-20	8.259929e-21
10.5          	2.297921e+00	1.148961e+00	1.148961e+00	1.008832e-05	5.118067e-06	4.970253e-06	7.390706e-08	4.073689e-19	1.142289e-21	1.875756e-20	1.052107e-20	8.236492e-21
11            	2.281790e+00	1.140895e+00	1.140895e+00	1.039243e-05	5.038063e-06	5.354362e-06	-1.581495e-07	4.044463e-19	1.012121e-21	1.847082e-20	1.024753e-20	8.223287e-21
11.5          	2.265353e+00	1.132677e+00	1.132677e+00	9.894006e-06	4.974192e-06	4.919814e-06	2.718890e-08	4.015641e-19	8.807801e-22	1.815870e-20	9.960132e-21	8.198571e-21
12            	2.250244e+00	1.125122e+00	1.125122e+00	8.951573e-06	4.346003e-06	4.605570e-06	-1.297835e-07	3.988114e-19	7.602352e-22	1.788113e-20	9.700800e-21	8.180330e-21
12.5          	2.236039e+00	1.118019e+00	1.118019e+00	7.949787e-06	3.929488e-06	4.020299e-06	-4.540571e-08	3.961905e-19	6.464604e-22	1.760968e-20	9.451301e-21	8.158380e-21
13            	2.222371e+00	1.111185e+00	1.111185e+00	6.500971e-06	3.106510e-06	3.394461e-06	-1.439755e-07	3.936824e-19	5.395333e-22	1.735599e-20	9.217529e-21	8.138462e-21
13.5          	2.209567e+00	1.104784e+00	1.104784e+00	4.753913e-06	2.286252e-06	2.467661e-06	-9.070477e-08	3.912923e-19	4.412390e-22	1.711644e-20	8.999460e-21	8.116982e-21
14            	2.197179e+00	1.098590e+00	1.098590e+00	3.261305e-06	1.376545e-06	1.884760e-06	-2.541073e-07	3.890155e-19	3.472561e-22	1.688359e-20	8.789050e-21	8.094537e-21
14.5          	2.185905e+00	1.092952e+00	1.092952e+00	1.906639e-06	7.026437e-07	1.203995e-06	-2.506758e-07	3.868648e-19	2.609541e-22	1.666782e-20	8.594863e-21	8.072955e-21
15            	2.174973e+00	1.087487e+00	1.087487e+00	-1.164132e-06	-7.557271e-07	-4.084049e-07	-1.736611e-07	3.848290e-19	1.798468e-22	1.646734e-20	8.413516e-21	8.053823e-21
15.5          	2.164517e+00	1.082259e+00	1.082259e+00	-3.222235e-06	-1.824909e-06	-1.397327e-06	-2.137910e-07	3.828964e-19	1.032429e-22	1.627091e-20	8.238699e-21	8.032213e-21
16            	2.154907e+00	1.077454e+00	1.077454e+00	-5.513822e-06	-3.017811e-06	-2.496012e-06	-2.608996e-07	3.810599e-19	3.284606e-23	1.608217e-20	8.073929e-21	8.008236e-21
16.5          	2.145517e+00	1.072759e+00	1.072759e+00	-7.707786e-06	-4.105284e-06	-3.602502e-06	-2.513912e-07	3.793136e-19	-3.549582e-23	1.590012e-20	7.914566e-21	7.985558e-21
17            	2.136974e+00	1.068487e+00	1.068487e+00	-9.638939e-06	-5.188068e-06	-4.450871e-06	-3.685983e-07	3.776870e-19	-9.809543e-23	1.573978e-20	7.771796e-21	7.967987e-21
17.5          	2.128492e+00	1.064246e+00	1.064246e+00	-1.094895e-05	-5.763221e-06	-5.185731e-06	-2.887453e-07	3.761029e-19	-1.582376e-22	1.556842e-20	7.625972e-21	7.942448e-21
18            	2.120518e+00	1.060259e+00	1.060259e+00	-1.285002e-05	-6.616539e-06	-6.233480e-06	-1.915296e-07	3.746114e-19	-2.150947e-22	1.541235e-20	7.491078e-21	7.921268e-21
18.5          	2.113090e+00	1.056545e+00	1.056545e+00	-1.390414e-05	-7.224554e-06	-6.679589e-06	-2.724829e-07	3.732002e-19	-2.673576e-22	1.526920e-20	7.367242e-21	7.901957e-21
19            	2.105730e+00	1.052865e+00	1.052865e+00	-1.463853e-05	-7.371033e-06	-7.267495e-06	-5.176894e-08	3.718129e-19	-3.193959e-22	1.511244e-20	7.236826e-21	7.875618e-21
19.5          	2.099132e+00	1.049566e+00	1.049566e+00	-1.441940e-05	-7.152902e-06	-7.266500e-06	5.679909e-08	3.705090e-19	-3.659370e-22	1.497638e-20	7.122255e-21	7.854129e-21
20            	2.092560e+00	1.046280e+00	1.046280e+00	-1.405739e-05	-6.991094e-06	-7.066299e-06	3.760242e-08	3.692488e-19	-4.114176e-22	1.484586e-20	7.011513e-21	7.834348e-21
20.5          	2.085888e+00	1.042944e+00	1.042944e+00	-1.335391e-05	-6.516696e-06	-6.837211e-06	1.602572e-07	3.680011e-19	-4.560251e-22	1.470562e-20	6.896786e-21	7.808836e-21
21            	2.079836e+00	1.039918e+00	1.039918e+00	-1.158613e-05	-5.653232e-06	-5.932895e-06	1.398317e-07	3.668224e-19	-4.962812e-22	1.458410e-20	6.795770e-21	7.788332e-21
21.5          	2.074094e+00	1.037047e+00	1.037047e+00	-9.344305e-06	-4.517943e-06	-4.826362e-06	1.542093e-07	3.656789e-19	-5.342551e-22	1.446541e-20	6.698451e-21	7.766961e-21
22            	2.068114e+00	1.034057e+00	1.034057e+00	-6.793637e-06	-3.096026e-06	-3.697611e-06	3.007928e-07	3.645438e-19	-5.727482e-22	1.433815e-20	6.596324e-21	7.741821e-21
22.5          	2.062612e+00	1.031306e+00	1.031306e+00	-3.939237e-06	-1.371955e-06	-2.567282e-06	5.976632e-07	3.634673e-19	-6.077478e-22	1.422780e-20	6.506152e-21	7.721648e-21
23            	2.057205e+00	1.028603e+00	1.028603e+00	-1.417292e-06	-2.953515e-07	-1.121941e-06	4.132947e-07	3.624223e-19	-6.423975e-22	1.412022e-20	6.417714e-21	7.702509e-21
23.5          	2.052209e+00	1.026105e+00	1.026105e+00	2.248368e-06	1.531134e-06	7.172337e-07	4.069503e-07	3.614223e-19	-6.733682e-22	1.402137e-20	6.337319e-21	7.684055e-21
24            	2.047067e+00	1.023534e+00	1.023534e+00	6.270869e-06	3.439716e-06	2.831154e-06	3.042810e-07	3.604217e-19	-7.059331e-22	1.390915e-20	6.248643e-21	7.660510e-21
24.5          	2.042285e+00	1.021142e+00	1.021142e+00	9.318473e-06	4.937558e-06	4.380915e-06	2.783213e-07	3.594798e-19	-7.350396e-22	1.381362e-20	6.171771e-21	7.641850e-21
25            	2.037667e+00	1.018833e+00	1.018833e+00	1.430627e-05	7.443750e-06	6.862519e-06	2.906153e-07	3.585696e-19	-7.636746e-22	1.371968e-20	6.096167e-21	7.623517e-21
25.5          	2.033144e+00	1.016572e+00	1.016572e+00	1.689659e-05	8.575669e-06	8.320916e-06	1.273762e-07	3.576869e-19	-7.916384e-22	1.362591e-20	6.021318e-21	7.604595e-21
26            	2.028922e+00	1.014461e+00	1.014461e+00	1.917255e-05	9.844490e-06	9.328062e-06	2.582138e-07	3.568389e-19	-8.172593e-22	1.353779e-20	5.951638e-21	7.586156e-21
26.5          	2.024920e+00	1.012460e+00	1.012460e+00	2.131038e-05	1.065482e-05	1.065556e-05	-3.683485e-10	3.560260e-19	-8.419190e-22	1.345498e-20	5.885569e-21	7.569407e-21
27            	2.020955e+00	1.010478e+00	1.010478e+00	2.197518e-05	1.116500e-05	1.081017e-05	1.774151e-07	3.552388e-19	-8.653966e-22	1.337435e-20	5.821778e-21	7.552571e-21
27.5          	2.017130e+00	1.008565e+00	1.008565e+00	2.224461e-05	1.100568e-05	1.123894e-05	-1.166290e-07	3.544703e-19	-8.890108e-22	1.329112e-20	5.756550e-21	7.534571e-21
28            	2.013422e+00	1.006711e+00	1.006711e+00	2.262955e-05	1.105881e-05	1.157075e-05	-2.559716e-07	3.537318e-19	-9.108811e-22	1.321394e-20	5.696091e-21	7.517853e-21
28.5          	2.009891e+00	1.004946e+00	1.004946e+00	2.053252e-05	9.901143e-06	1.063138e-05	-3.651172e-07	3.530186e-19	-9.317653e-22	1.314044e-20	5.638455e-21	7.501986e-21
29            	2.006487e+00	1.003244e+00	1.003244e+00	1.851187e-05	8.894642e-06	9.617224e-06	-3.612911e-07	3.523281e-19	-9.514446e-22	1.306896e-20	5.583036e-21	7.485926e-21
29.5          	2.003162e+00	1.001581e+00	1.001581e+00	1.439665e-05	6.717185e-06	7.679464e-06	-4.811393e-07	3.516528e-19	-9.705859e-22	1.299633e-20	5.527581e-21	7.468752e-21
30            	2.000073e+00	1.000036e+00	1.000036e+00	1.162480e-05	5.160090e-06	6.464714e-06	-6.523121e-07	3.510131e-19	-9.882910e-22	1.293356e-20	5.478488e-21	7.455070e-21
30.5          	1.996906e+00	9.984530e-01	9.984530e-01	5.559389e-06	1.960946e-06	3.598443e-06	-8.187483e-07	3.503768e-19	-1.005488e-21	1.286510e-20	5.427062e-21	7.438038e-21
31            	1.993893e+00	9.969463e-01	9.969463e-01	-1.640789e-06	-1.686198e-06	4.540925e-08	-8.658037e-07	3.497657e-19	-1.022506e-21	1.280253e-20	5.378757e-21	7.423770e-21
31.5          	1.991072e+00	9.955359e-01	9.955359e-01	-7.465058e-06	-4.611105e-06	-2.853953e-06	-8.785756e-07	3.491838e-19	-1.037742e-21	1.274644e-20	5.335477e-21	7.410962e-21
32            	1.988200e+00	9.941001e-01	9.941001e-01	-1.239988e-05	-6.988911e-06	-5.410966e-06	-7.889729e-07	3.485992e-19	-1.053495e-21	1.268207e-20	5.287540e-21	7.394531e-21
32.5          	1.985555e+00	9.927774e-01	9.927774e-01	-2.149145e-05	-1.159233e-05	-9.899121e-06	-8.466052e-07	3.480524e-19	-1.067259e-21	1.262983e-20	5.247655e-21	7.382174e-21
33            	1.982862e+00	9.914310e-01	9.914310e-01	-2.845477e-05	-1.504033e-05	-1.341443e-05	-8.129505e-07	3.475011e-19	-1.081659e-21	1.256844e-20	5.202559e-21	7.365877e-21
33.5          	1.980323e+00	9.901613e-01	9.901613e-01	-3.293149e-05	-1.712948e-05	-1.580201e-05	-6.637318e-07	3.469769e-19	-1.094397e-21	1.251444e-20	5.162822e-21	7.351616e-21
34            	1.977781e+00	9.888903e-01	9.888903e-01	-3.988709e-05	-2.034115e-05	-1.954593e-05	-3.976104e-07	3.464612e-19	-1.107592e-21	1.245818e-20	5.121498e-21	7.336681e-21
34.5          	1.975446e+00	9.877230e-01	9.877230e-01	-4.440936e-05	-2.258655e-05	-2.182281e-05	-3.818727e-07	3.459759e-19	-1.119273e-21	1.241183e-20	5.086641e-21	7.325188e-21
35            	1.973190e+00	9.865950e-01	9.865950e-01	-4.835453e-05	-2.429754e-05	-2.405698e-05	-1.202785e-07	3.455040e-19	-1.130183e-21	1.236529e-20	5.052462e-21	7.312828e-21
35.5          	1.970893e+00	9.854465e-01	9.854465e-01	-5.427374e-05	-2.725235e-05	-2.702139e-05	-1.154808e-07	3.450304e-19	-1.141736e-21	1.231329e-20	5.014909e-21	7.298381e-21
36            	1.968738e+00	9.843689e-01	9.843689e-01	-5.201244e-05	-2.567830e-05	-2.633415e-05	3.279261e-07	3.445819e-19	-1.152460e-21	1.226755e-20	4.981317e-21	7.286236e-21
36.5          	1.966612e+00	9.833059e-01	9.833059e-01	-5.057335e-05	-2.476269e-05	-2.581065e-05	5.239800e-07	3.441413e-19	-1.162421e-21	1.222080e-20	4.947979e-21	7.272821e-21
37            	1.964493e+00	9.822464e-01	9.822464e-01	-5.062162e-05	-2.449223e-05	-2.612939e-05	8.185822e-07	3.437110e-19	-1.171985e-21	1.217491e-20	4.915469e-21	7.259440e-21
37.5          	1.962516e+00	9.812582e-01	9.812582e-01	-4.886388e-05	-2.341975e-05	-2.544413e-05	1.012188e-06	3.433007e-19	-1.181411e-21	1.213477e-20	4.885972e-21	7.248794e-21
38            	1.960579e+00	9.802897e-01	9.802897e-01	-3.637243e-05	-1.701264e-05	-1.935979e-05	1.173575e-06	3.428970e-19	-1.190743e-21	1.209130e-20	4.854907e-21	7.236393e-21
38.5          	1.958716e+00	9.793579e-01	9.793579e-01	-3.114286e-05	-1.413811e-05	-1.700474e-05	1.433315e-06	3.425077e-19	-1.198773e-21	1.205167e-20	4.827061e-21	7.224606e-21
39            	1.956869e+00	9.784344e-01	9.784344e-01	-2.027148e-05	-8.388286e-06	-1.188320e-05	1.747456e-06	3.421269e-19	-1.207277e-21	1.201133e-20	4.798387e-21	7.212940e-21
39.5          	1.955056e+00	9.775282e-01	9.775282e-01	-1.178684e-05	-4.171463e-06	-7.615380e-06	1.721959e-06	3.417501e-19	-1.215715e-21	1.197028e-20	4.769423e-21	7.200854e-21
40            	1.953350e+00	9.766750e-01	9.766750e-01	1.995182e-06	2.784058e-06	-7.888756e-07	1.786467e-06	3.413923e-19	-1.223826e-21	1.193365e-20	4.742998e-21	7.190650e-21
40.5          	1.951644e+00	9.758218e-01	9.758218e-01	1.487054e-05	9.184149e-06	5.686396e-06	1.748877e-06	3.410431e-19	-1.231285e-21	1.189645e-20	4.716938e-21	7.179508e-21
41            	1.949988e+00	9.749941e-01	9.749941e-01	2.554933e-05	1.437647e-05	1.117286e-05	1.601803e-06	3.406993e-19	-1.238425e-21	1.185914e-20	4.691145e-21	7.167994e-21
41.5          	1.948397e+00	9.741987e-01	9.741987e-01	3.873687e-05	2.085422e-05	1.788265e-05	1.485784e-06	3.403667e-19	-1.245211e-21	1.182469e-20	4.667132e-21	7.157555e-21
42            	1.946890e+00	9.734452e-01	9.734452e-01	5.184529e-05	2.732964e-05	2.451566e-05	1.406990e-06	3.400504e-19	-1.252232e-21	1.179363e-20	4.644583e-21	7.149048e-21
42.5          	1.945313e+00	9.726567e-01	9.726567e-01	6.345911e-05	3.281891e-05	3.064020e-05	1.089357e-06	3.397253e-19	-1.259108e-21	1.175502e-20	4.618404e-21	7.136619e-21
43            	1.943856e+00	9.719278e-01	9.719278e-01	7.321559e-05	3.740709e-05	3.580850e-05	7.992919e-07	3.394197e-19	-1.265063e-21	1.172409e-20	4.596980e-21	7.127106e-21
43.5          	1.942399e+00	9.711996e-01	9.711996e-01	8.112190e-05	4.110198e-05	4.001992e-05	5.410279e-07	3.391172e-19	-1.271781e-21	1.169120e-20	4.573819e-21	7.117381e-21
44            	1.941003e+00	9.705014e-01	9.705014e-01	8.705786e-05	4.354467e-05	4.351320e-05	1.573430e-08	3.388270e-19	-1.277162e-21	1.166077e-20	4.553221e-21	7.107545e-21
44.5          	1.939627e+00	9.698134e-01	9.698134e-01	8.857426e-05	4.404019e-05	4.453407e-05	-2.469405e-07	3.385402e-19	-1.283118e-21	1.162983e-20	4.531798e-21	7.098034e-21
45            	1.938326e+00	9.691632e-01	9.691632e-01	8.564043e-05	4.201590e-05	4.362453e-05	-8.043177e-07	3.382663e-19	-1.288041e-21	1.160309e-20	4.513505e-21	7.089588e-21
45.5          	1.936993e+00	9.684966e-01	9.684966e-01	9.005624e-05	4.386164e-05	4.619460e-05	-1.166482e-06	3.379901e-19	-1.293393e-21	1.157194e-20	4.492579e-21	7.079365e-21
46            	1.935697e+00	9.678487e-01	9.678487e-01	7.741990e-05	3.692099e-05	4.049891e-05	-1.788959e-06	3.377222e-19	-1.299043e-21	1.154282e-20	4.472365e-21	7.070451e-21
46.5          	1.934473e+00	9.672364e-01	9.672364e-01	6.662246e-05	3.096978e-05	3.565268e-05	-2.341449e-06	3.374659e-19	-1.303179e-21	1.151810e-20	4.455873e-21	7.062231e-21
47            	1.933273e+00	9.666365e-01	9.666365e-01	5.572984e-05	2.528133e-05	3.044852e-05	-2.583595e-06	3.372159e-19	-1.307274e-21	1.149268e-20	4.439065e-21	7.053613e-21
47.5          	1.932105e+00	9.660524e-01	9.660524e-01	3.914722e-05	1.669345e-05	2.245377e-05	-2.880162e-06	3.369725e-19	-1.311361e-21	1.146911e-20	4.423194e-21	7.045915e-21
48            	1.930943e+00	9.654713e-01	9.654713e-01	2.195537e-05	7.783456e-06	1.417192e-05	-3.194230e-06	3.367314e-19	-1.314888e-21	1.144409e-20	4.407156e-21	7.036933e-21
48.5          	1.929782e+00	9.648911e-01	9.648911e-01	-5.539525e-06	-6.128313e-06	5.887876e-07	-3.358550e-06	3.364900e-19	-1.319220e-21	1.141680e-20	4.389182e-21	7.027622e-21
49            	1.928682e+00	9.643411e-01	9.643411e-01	-2.048215e-05	-1.363527e-05	-6.846887e-06	-3.394189e-06	3.362642e-19	-1.321917e-21	1.139552e-20	4.375843e-21	7.019676e-21
49.5          	1.927617e+00	9.638085e-01	9.638085e-01	-3.745689e-05	-2.204574e-05	-1.541115e-05	-3.317292e-06	3.360416e-19	-1.325026e-21	1.137384e-20	4.361893e-21	7.011946e-21
50            	1.926578e+00	9.632891e-01	9.632891e-01	-6.314773e-05	-3.472793e-05	-2.841981e-05	-3.154061e-06	3.358251e-19	-1.327687e-21	1.135291e-20	4.348768e-21	7.004141e-21
50.5          	1.925531e+00	9.627653e-01	9.627653e-01	-8.102413e-05	-4.351048e-05	-3.751365e-05	-2.998418e-06	3.356117e-19	-1.330839e-21	1.133171e-20	4.335016e-21	6.996694e-21
51            	1.924559e+00	9.622797e-01	9.622797e-01	-1.071178e-04	-5.596806e-05	-5.114970e-05	-2.409177e-06	3.354061e-19	-1.332569e-21	1.131351e-20	4.324186e-21	6.989324e-21
51.5          	1.923548e+00	9.617741e-01	9.617741e-01	-1.290756e-04	-6.639134e-05	-6.268426e-05	-1.853539e-06	3.351952e-19	-1.335522e-21	1.128937e-20	4.309163e-21	6.980207e-21
52            	1.922586e+00	9.612932e-01	9.612932e-01	-1.403718e-04	-7.148306e-05	-6.888878e-05	-1.297138e-06	3.349973e-19	-1.337501e-21	1.127042e-20	4.297711e-21	6.972712e-21
52.5          	1.921629e+00	9.608143e-01	9.608143e-01	-1.541443e-04	-7.756693e-05	-7.657740e-05	-4.947665e-07	3.347996e-19	-1.339443e-21	1.124964e-20	4.285378e-21	6.964264e-21
53            	1.920718e+00	9.603588e-01	9.603588e-01	-1.625940e-04	-8.112180e-05	-8.147222e-05	1.752104e-07	3.346101e-19	-1.341189e-21	1.123108e-20	4.274351e-21	6.956728e-21
53.5          	1.919834e+00	9.599170e-01	9.599170e-01	-1.657463e-04	-8.172597e-05	-8.402038e-05	1.147205e-06	3.344244e-19	-1.343115e-21	1.121230e-20	4.263037e-21	6.949268e-21
54            	1.918958e+00	9.594790e-01	9.594790e-01	-1.681439e-04	-8.232281e-05	-8.582107e-05	1.749129e-06	3.342435e-19	-1.344929e-21	1.119341e-20	4.251775e-21	6.941633e-21
54.5          	1.918101e+00	9.590506e-01	9.590506e-01	-1.572056e-04	-7.574314e-05	-8.146248e-05	2.859669e-06	3.340623e-19	-1.346738e-21	1.117282e-20	4.239673e-21	6.933150e-21
55            	1.917250e+00	9.586252e-01	9.586252e-01	-1.499794e-04	-7.132607e-05	-7.865332e-05	3.663623e-06	3.338896e-19	-1.348341e-21	1.115513e-20	4.229223e-21	6.925906e-21
55.5          	1.916434e+00	9.582172e-01	9.582172e-01	-1.335229e-04	-6.236296e-05	-7.115990e-05	4.398471e-06	3.337174e-19	-1.350332e-21	1.113543e-20	4.217382e-21	6.918046e-21
56            	1.915599e+00	9.577994e-01	9.577994e-01	-1.043870e-04	-4.692096e-05	-5.746605e-05	5.272544e-06	3.335444e-19	-1.352968e-21	1.111294e-20	4.203499e-21	6.909436e-21
56.5          	1.914802e+00	9.574011e-01	9.574011e-01	-7.192682e-05	-3.017866e-05	-4.174816e-05	5.784752e-06	3.333829e-19	-1.355519e-21	1.109442e-20	4.191689e-21	6.902727e-21
57            	1.914035e+00	9.570174e-01	9.570174e-01	-3.633038e-05	-1.183638e-05	-2.449400e-05	6.328811e-06	3.332234e-19	-1.357818e-21	1.107594e-20	4.180153e-21	6.895789e-21
57.5          	1.913284e+00	9.566420e-01	9.566420e-01	1.909968e-06	7.404928e-06	-5.494960e-06	6.449944e-06	3.330675e-19	-1.359669e-21	1.105755e-20	4.169108e-21	6.888446e-21
58            	1.912520e+00	9.562598e-01	9.562598e-01	3.456463e-05	2.390719e-05	1.065744e-05	6.624876e-06	3.329101e-19	-1.363138e-21	1.103571e-20	4.154717e-21	6.880993e-21
58.5          	1.911798e+00	9.558992e-01	9.558992e-01	8.166120e-05	4.734945e-05	3.431176e-05	6.518847e-06	3.327600e-19	-1.366385e-21	1.101706e-20	4.142147e-21	6.874917e-21
59            	1.911090e+00	9.555452e-01	9.555452e-01	1.163976e-04	6.444142e-05	5.195618e-05	6.242622e-06	3.326130e-19	-1.368385e-21	1.099922e-20	4.131223e-21	6.867993e-21
59.5          	1.910391e+00	9.551956e-01	9.551956e-01	1.596943e-04	8.547381e-05	7.422054e-05	5.626636e-06	3.324709e-19	-1.371490e-21	1.098127e-20	4.119147e-21	6.862126e-21
60            	1.909677e+00	9.548384e-01	9.548384e-01	1.973719e-04	1.035973e-04	9.377451e-05	4.911415e-06	3.323190e-19	-1.374830e-21	1.095755e-20	4.103944e-21	6.853604e-21
60.5          	1.909009e+00	9.545046e-01	9.545046e-01	2.399498e-04	1.237332e-04	1.162166e-04	3.758268e-06	3.321816e-19	-1.377719e-21	1.094068e-20	4.092619e-21	6.848058e-21
61            	1.908347e+00	9.541735e-01	9.541735e-01	2.611104e-04	1.331013e-04	1.280091e-04	2.546111e-06	3.320463e-19	-1.380780e-21	1.092418e-20	4.081308e-21	6.842868e-21
61.5          	1.907682e+00	9.538410e-01	9.538410e-01	2.846771e-04	1.436532e-04	1.410239e-04	1.314629e-06	3.319089e-19	-1.383986e-21	1.090540e-20	4.068715e-21	6.836687e-21
62            	1.907051e+00	9.535256e-01	9.535256e-01	2.956314e-04	1.475993e-04	1.480320e-04	-2.163350e-07	3.317797e-19	-1.386682e-21	1.089077e-20	4.058704e-21	6.832067e-21
62.5          	1.906427e+00	9.532136e-01	9.532136e-01	3.033552e-04	1.496985e-04	1.536567e-04	-1.979112e-06	3.316510e-19	-1.389201e-21	1.087478e-20	4.048190e-21	6.826591e-21
63            	1.905818e+00	9.529089e-01	9.529089e-01	2.936616e-04	1.431771e-04	1.504845e-04	-3.653737e-06	3.315251e-19	-1.392101e-21	1.086109e-20	4.038444e-21	6.822647e-21
63.5          	1.905219e+00	9.526097e-01	9.526097e-01	2.829314e-04	1.362824e-04	1.466490e-04	-5.183328e-06	3.314022e-19	-1.394550e-21	1.084775e-20	4.029325e-21	6.818424e-21
64            	1.904648e+00	9.523239e-01	9.523239e-01	2.600420e-04	1.230343e-04	1.370077e-04	-6.986694e-06	3.312855e-19	-1.396212e-21	1.083750e-20	4.022539e-21	6.814964e-21
64.5          	1.904033e+00	9.520165e-01	9.520165e-01	2.199901e-04	1.016173e-04	1.183728e-04	-8.377775e-06	3.311560e-19	-1.399090e-21	1.082072e-20	4.011268e-21	6.809448e-21
65            	1.903470e+00	9.517349e-01	9.517349e-01	1.745177e-04	7.757278e-05	9.694493e-05	-9.686075e-06	3.310406e-19	-1.400424e-21	1.081059e-20	4.004870e-21	6.805717e-21
65.5          	1.902887e+00	9.514434e-01	9.514434e-01	1.172928e-04	4.776320e-05	6.952962e-05	-1.088321e-05	3.309230e-19	-1.401508e-21	1.079945e-20	3.998216e-21	6.801232e-21
66            	1.902345e+00	9.511724e-01	9.511724e-01	6.500430e-05	2.086264e-05	4.414166e-05	-1.163951e-05	3.308103e-19	-1.402280e-21	1.079155e-20	3.993496e-21	6.798056e-21
66.5          	1.901806e+00	9.509031e-01	9.509031e-01	-2.183506e-06	-1.346017e-05	1.127667e-05	-1.236842e-05	3.307000e-19	-1.402389e-21	1.078271e-20	3.988965e-21	6.793743e-21
67            	1.901279e+00	9.506396e-01	9.506396e-01	-7.202662e-05	-4.866054e-05	-2.336607e-05	-1.264723e-05	3.305912e-19	-1.402789e-21	1.077601e-20	3.985218e-21	6.790796e-21
67.5          	1.900757e+00	9.503787e-01	9.503787e-01	-1.488652e-04	-8.688396e-05	-6.198120e-05	-1.245138e-05	3.304849e-19	-1.402779e-21	1.076910e-20	3.981769e-21	6.787326e-21
68            	1.900250e+00	9.501249e-01	9.501249e-01	-2.223567e-04	-1.228056e-04	-9.955113e-05	-1.162722e-05	3.303801e-19	-1.401769e-21	1.076255e-20	3.979505e-21	6.783042e-21
68.5          	1.899756e+00	9.498778e-01	9.498778e-01	-2.960854e-04	-1.585755e-04	-1.375099e-04	-1.053282e-05	3.302800e-19	-1.401208e-21	1.075808e-20	3.977832e-21	6.780249e-21
69            	1.899260e+00	9.496299e-01	9.496299e-01	-3.686455e-04	-1.934973e-04	-1.751481e-04	-9.174600e-06	3.301771e-19	-1.400066e-21	1.075047e-20	3.975167e-21	6.775300e-21
69.5          	1.898761e+00	9.493806e-01	9.493806e-01	-4.347039e-04	-2.246613e-04	-2.100426e-04	-7.309369e-06	3.300721e-19	-1.399401e-21	1.074203e-20	3.971613e-21	6.770415e-21
70            	1.898274e+00	9.491369e-01	9.491369e-01	-4.938098e-04	-2.521323e-04	-2.416775e-04	-5.227409e-06	3.299726e-19	-1.397884e-21	1.073538e-20	3.969804e-21	6.765573e-21
70.5          	1.897798e+00	9.488992e-01	9.488992e-01	-5.328694e-04	-2.690203e-04	-2.638491e-04	-2.585589e-06	3.298766e-19	-1.396360e-21	1.072877e-20	3.968023e-21	6.760744e-21
71            	1.897335e+00	9.486674e-01	9.486674e-01	-5.625704e-04	-2.811707e-04	-2.813997e-04	1.144982e-07	3.297817e-19	-1.394906e-21	1.072120e-20	3.965695e-21	6.755506e-21
71.5          	1.896885e+00	9.484427e-01	9.484427e-01	-5.654060e-04	-2.794742e-04	-2.859318e-04	3.228762e-06	3.296890e-19	-1.393573e-21	1.071259e-20	3.962721e-21	6.749868e-21
72            	1.896441e+00	9.482207e-01	9.482207e-01	-5.637111e-04	-2.755444e-04	-2.881668e-04	6.311207e-06	3.295975e-19	-1.392801e-21	1.070372e-20	3.959058e-21	6.744660e-21
72.5          	1.896004e+00	9.480019e-01	9.480019e-01	-5.443622e-04	-2.625126e-04	-2.818496e-04	9.668495e-06	3.295071e-19	-1.392216e-21	1.069340e-20	3.954484e-21	6.738916e-21
73            	1.895573e+00	9.477867e-01	9.477867e-01	-4.973948e-04	-2.360509e-04	-2.613438e-04	1.264644e-05	3.294185e-19	-1.390984e-21	1.068179e-20	3.949910e-21	6.731878e-21
73.5          	1.895151e+00	9.475756e-01	9.475756e-01	-4.373115e-04	-2.031833e-04	-2.341282e-04	1.547248e-05	3.293312e-19	-1.391401e-21	1.066855e-20	3.942876e-21	6.725678e-21
74            	1.894720e+00	9.473600e-01	9.473600e-01	-3.586089e-04	-1.610028e-04	-1.976061e-04	1.830167e-05	3.292394e-19	-1.391994e-21	1.065187e-20	3.933943e-21	6.717931e-21
74.5          	1.894308e+00	9.471542e-01	9.471542e-01	-2.697188e-04	-1.143728e-04	-1.553460e-04	2.048662e-05	3.291539e-19	-1.392478e-21	1.063669e-20	3.925865e-21	6.710821e-21
75            	1.893904e+00	9.469520e-01	9.469520e-01	-1.539145e-04	-5.463724e-05	-9.927730e-05	2.232003e-05	3.290710e-19	-1.394232e-21	1.061973e-20	3.915632e-21	6.704095e-21
75.5          	1.893511e+00	9.467556e-01	9.467556e-01	-2.999915e-05	8.590751e-06	-3.858990e-05	2.359033e-05	3.289886e-19	-1.395843e-21	1.060247e-20	3.905393e-21	6.697079e-21
76            	1.893112e+00	9.465561e-01	9.465561e-01	1.142189e-04	8.122769e-05	3.299126e-05	2.411822e-05	3.289072e-19	-1.399029e-21	1.058297e-20	3.892458e-21	6.690517e-21
76.5          	1.892725e+00	9.463625e-01	9.463625e-01	2.553934e-04	1.516275e-04	1.037660e-04	2.393076e-05	3.288275e-19	-1.402448e-21	1.056379e-20	3.879447e-21	6.684342e-21
77            	1.892347e+00	9.461734e-01	9.461734e-01	3.929565e-04	2.194029e-04	1.735535e-04	2.292471e-05	3.287482e-19	-1.406086e-21	1.054391e-20	3.865871e-21	6.678043e-21
77.5          	1.891974e+00	9.459868e-01	9.459868e-01	5.275125e-04	2.851609e-04	2.423516e-04	2.140467e-05	3.286710e-19	-1.409613e-21	1.052420e-20	3.852485e-21	6.671711e-21
78            	1.891612e+00	9.458061e-01	9.458061e-01	6.566019e-04	3.471656e-04	3.094363e-04	1.886465e-05	3.285946e-19	-1.414349e-21	1.050425e-20	3.837775e-21	6.666474e-21
78.5          	1.891248e+00	9.456238e-01	9.456238e-01	7.850537e-04	4.079770e-04	3.770766e-04	1.545021e-05	3.285187e-19	-1.418520e-21	1.048387e-20	3.823413e-21	6.660453e-21
79            	1.890890e+00	9.454449e-01	9.454449e-01	8.833092e-04	4.531901e-04	4.301190e-04	1.153556e-05	3.284439e-19	-1.423364e-21	1.046522e-20	3.809245e-21	6.655973e-21
79.5          	1.890540e+00	9.452698e-01	9.452698e-01	9.731641e-04	4.934928e-04	4.796713e-04	6.910774e-06	3.283708e-19	-1.427592e-21	1.044755e-20	3.796185e-21	6.651368e-21
80            	1.890203e+00	9.451014e-01	9.451014e-01	1.048236e-03	5.258633e-04	5.223730e-04	1.745140e-06	3.283016e-19	-1.432509e-21	1.043183e-20	3.783406e-21	6.648424e-21
80.5          	1.889853e+00	9.449266e-01	9.449266e-01	1.078030e-03	5.352991e-04	5.427307e-04	-3.715814e-06	3.282281e-19	-1.437096e-21	1.041548e-20	3.770646e-21	6.644838e-21
81            	1.889520e+00	9.447599e-01	9.447599e-01	1.089348e-03	5.349809e-04	5.543672e-04	-9.693120e-06	3.281583e-19	-1.440841e-21	1.040233e-20	3.760322e-21	6.642004e-21
81.5          	1.889191e+00	9.445953e-01	9.445953e-01	1.065574e-03	5.170350e-04	5.485392e-04	-1.575208e-05	3.280909e-19	-1.444243e-21	1.039317e-20	3.752344e-21	6.640830e-21
82            	1.888867e+00	9.444335e-01	9.444335e-01	9.934944e-04	4.748687e-04	5.186256e-04	-2.187847e-05	3.280242e-19	-1.447468e-21	1.038584e-20	3.745453e-21	6.640389e-21
82.5          	1.888552e+00	9.442762e-01	9.442762e-01	8.986370e-04	4.216304e-04	4.770066e-04	-2.768810e-05	3.279593e-19	-1.449898e-21	1.038098e-20	3.740593e-21	6.640388e-21
83            	1.888240e+00	9.441201e-01	9.441201e-01	7.623146e-04	3.481499e-04	4.141646e-04	-3.300735e-05	3.278953e-19	-1.450860e-21	1.037896e-20	3.738617e-21	6.640338e-21
83.5          	1.887931e+00	9.439657e-01	9.439657e-01	5.848419e-04	2.546120e-04	3.302299e-04	-3.780897e-05	3.278329e-19	-1.451162e-21	1.038133e-20	3.739504e-21	6.641827e-21
84            	1.887633e+00	9.438164e-01	9.438164e-01	3.860066e-04	1.512795e-04	2.347271e-04	-4.172377e-05	3.277718e-19	-1.450277e-21	1.038608e-20	3.742761e-21	6.643315e-21
84.5          	1.887330e+00	9.436648e-01	9.436648e-01	1.664405e-04	3.854623e-05	1.278943e-04	-4.467403e-05	3.277078e-19	-1.448719e-21	1.039006e-20	3.746311e-21	6.643749e-21
85            	1.887040e+00	9.435198e-01	9.435198e-01	-9.411396e-05	-9.381950e-05	-2.944549e-07	-4.676252e-05	3.276491e-19	-1.446283e-21	1.039956e-20	3.753495e-21	6.646061e-21
85.5          	1.886750e+00	9.433748e-01	9.433748e-01	-3.672381e-04	-2.307413e-04	-1.364968e-04	-4.712223e-05	3.275890e-19	-1.442330e-21	1.041021e-20	3.762773e-21	6.647434e-21
86            	1.886472e+00	9.432359e-01	9.432359e-01	-6.232345e-04	-3.578556e-04	-2.653789e-04	-4.623838e-05	3.275324e-19	-1.438163e-21	1.042257e-20	3.773123e-21	6.649448e-21
86.5          	1.886190e+00	9.430952e-01	9.430952e-01	-9.013386e-04	-4.944939e-04	-4.068446e-04	-4.382465e-05	3.274743e-19	-1.432715e-21	1.043568e-20	3.785125e-21	6.650556e-21
87            	1.885920e+00	9.429599e-01	9.429599e-01	-1.153742e-03	-6.168226e-04	-5.369190e-04	-3.995182e-05	3.274191e-19	-1.426588e-21	1.044977e-20	3.798299e-21	6.651475e-21
87.5          	1.885651e+00	9.428256e-01	9.428256e-01	-1.407730e-03	-7.385080e-04	-6.692220e-04	-3.464302e-05	3.273628e-19	-1.420566e-21	1.046287e-20	3.810870e-21	6.652002e-21
88            	1.885385e+00	9.426924e-01	9.426924e-01	-1.614488e-03	-8.350336e-04	-7.794548e-04	-2.778942e-05	3.273077e-19	-1.413816e-21	1.047602e-20	3.824196e-21	6.651828e-21
88.5          	1.885125e+00	9.425625e-01	9.425625e-01	-1.813271e-03	-9.263750e-04	-8.868961e-04	-1.973944e-05	3.272546e-19	-1.407320e-21	1.048732e-20	3.836338e-21	6.650978e-21
89            	1.884874e+00	9.424368e-01	9.424368e-01	-1.940362e-03	-9.804869e-04	-9.598753e-04	-1.030584e-05	3.272002e-19	-1.401105e-21	1.049636e-20	3.847076e-21	6.649287e-21
89.5          	1.884620e+00	9.423100e-01	9.423100e-01	-2.053256e-03	-1.026498e-03	-1.026758e-03	1.302249e-07	3.271478e-19	-1.395699e-21	1.050345e-20	3.856026e-21	6.647424e-21
90            	1.884381e+00	9.421905e-01	9.421905e-01	-2.087937e-03	-1.032843e-03	-1.055093e-03	1.112501e-05	3.270960e-19	-1.390123e-21	1.050751e-20	3.863632e-21	6.643878e-21
90.5          	1.884147e+00	9.420733e-01	9.420733e-01	-2.067018e-03	-1.010748e-03	-1.056270e-03	2.276129e-05	3.270465e-19	-1.386335e-21	1.050765e-20	3.867489e-21	6.640160e-21
91            	1.883914e+00	9.419568e-01	9.419568e-01	-1.985994e-03	-9.586654e-04	-1.027329e-03	3.433176e-05	3.269939e-19	-1.383193e-21	1.050287e-20	3.868241e-21	6.634627e-21
91.5          	1.883688e+00	9.418440e-01	9.418440e-01	-1.822796e-03	-8.656102e-04	-9.571862e-04	4.578798e-05	3.269440e-19	-1.381860e-21	1.049428e-20	3.865282e-21	6.629002e-21
92            	1.883472e+00	9.417358e-01	9.417358e-01	-1.600540e-03	-7.435698e-04	-8.569703e-04	5.670024e-05	3.268951e-19	-1.381528e-21	1.048009e-20	3.858519e-21	6.621576e-21
92.5          	1.883260e+00	9.416302e-01	9.416302e-01	-1.280824e-03	-5.736895e-04	-7.071348e-04	6.672263e-05	3.268476e-19	-1.383733e-21	1.046099e-20	3.846762e-21	6.614227e-21
93            	1.883051e+00	9.415256e-01	9.415256e-01	-9.560337e-04	-4.026716e-04	-5.533621e-04	7.534527e-05	3.267993e-19	-1.387216e-21	1.043695e-20	3.831259e-21	6.605691e-21
93.5          	1.882857e+00	9.414286e-01	9.414286e-01	-5.866899e-04	-2.108526e-04	-3.758373e-04	8.249233e-05	3.267534e-19	-1.391667e-21	1.040902e-20	3.812841e-21	6.596176e-21
94            	1.882667e+00	9.413335e-01	9.413335e-01	-1.338975e-04	2.074261e-05	-1.546401e-04	8.769137e-05	3.267084e-19	-1.398571e-21	1.037560e-20	3.789230e-21	6.586372e-21
94.5          	1.882483e+00	9.412417e-01	9.412417e-01	3.530790e-04	2.668959e-04	8.618313e-05	9.035638e-05	3.266618e-19	-1.407225e-21	1.033733e-20	3.761440e-21	6.575891e-21
95            	1.882310e+00	9.411550e-01	9.411550e-01	8.995030e-04	5.403515e-04	3.591514e-04	9.060005e-05	3.266204e-19	-1.416220e-21	1.029730e-20	3.732431e-21	6.564870e-21
95.5          	1.882146e+00	9.410730e-01	9.410730e-01	1.430864e-03	8.036472e-04	6.272173e-04	8.821496e-05	3.265784e-19	-1.428533e-21	1.025289e-20	3.697912e-21	6.554978e-21
96            	1.881974e+00	9.409869e-01	9.409869e-01	1.962389e-03	1.063919e-03	8.984696e-04	8.272488e-05	3.265330e-19	-1.441209e-21	1.020490e-20	3.661243e-21	6.543660e-21
96.5          	1.881823e+00	9.409113e-01	9.409113e-01	2.477907e-03	1.313378e-03	1.164529e-03	7.442478e-05	3.264947e-19	-1.454830e-21	1.015874e-20	3.624542e-21	6.534202e-21
97            	1.881689e+00	9.408446e-01	9.408446e-01	2.969279e-03	1.548014e-03	1.421265e-03	6.337484e-05	3.264589e-19	-1.468803e-21	1.011370e-20	3.588049e-21	6.525656e-21
97.5          	1.881542e+00	9.407709e-01	9.407709e-01	3.342241e-03	1.720383e-03	1.621857e-03	4.926303e-05	3.264171e-19	-1.482867e-21	1.006739e-20	3.550828e-21	6.516562e-21
98            	1.881420e+00	9.407102e-01	9.407102e-01	3.724828e-03	1.894971e-03	1.829856e-03	3.255736e-05	3.263848e-19	-1.496114e-21	1.002764e-20	3.517706e-21	6.509934e-21
98.5          	1.881309e+00	9.406544e-01	9.406544e-01	4.001549e-03	2.014637e-03	1.986912e-03	1.386264e-05	3.263511e-19	-1.508547e-21	9.989753e-21	3.486330e-21	6.503423e-21
99            	1.881206e+00	9.406030e-01	9.406030e-01	4.123972e-03	2.055375e-03	2.068597e-03	-6.611278e-06	3.263256e-19	-1.519098e-21	9.962376e-21	3.462091e-21	6.500286e-21
99.5          	1.881118e+00	9.405589e-01	9.405589e-01	4.198271e-03	2.070565e-03	2.127706e-03	-2.857093e-05	3.262946e-19	-1.527712e-21	9.936581e-21	3.440578e-21	6.496002e-21
100           	1.881061e+00	9.405306e-01	9.405306e-01	4.071520e-03	1.984494e-03	2.087025e-03	-5.126560e-05	3.262701e-19	-1.533455e-21	9.922633e-21	3.427862e-21	6.494772e-21
100.5         	1.881031e+00	9.405157e-01	9.405157e-01	3.875620e-03	1.863946e-03	2.011674e-03	-7.386373e-05	3.262488e-19	-1.536333e-21	9.915900e-21	3.421617e-21	6.494283e-21
101           	1.881002e+00	9.405010e-01	9.405010e-01	3.580932e-03	1.694331e-03	1.886600e-03	-9.613461e-05	3.262317e-19	-1.536454e-21	9.918702e-21	3.422897e-21	6.495805e-21
101.5         	1.880981e+00	9.404906e-01	9.404906e-01	3.095787e-03	1.430564e-03	1.665224e-03	-1.173301e-04	3.262181e-19	-1.533088e-21	9.932769e-21	3.433297e-21	6.499472e-21
102           	1.880987e+00	9.404935e-01	9.404935e-01	2.374010e-03	1.050771e-03	1.323238e-03	-1.362334e-04	3.262026e-19	-1.524251e-21	9.958575e-21	3.455037e-21	6.503539e-21
102.5         	1.881026e+00	9.405131e-01	9.405131e-01	1.717305e-03	7.061418e-04	1.011163e-03	-1.525106e-04	3.261971e-19	-1.512091e-21	9.993833e-21	3.484826e-21	6.509007e-21
103           	1.881094e+00	9.405469e-01	9.405469e-01	8.109498e-04	2.402127e-04	5.707371e-04	-1.652622e-04	3.261955e-19	-1.496174e-21	1.004275e-20	3.525202e-21	6.517550e-21
103.5         	1.881170e+00	9.405849e-01	9.405849e-01	-1.732439e-04	-2.608297e-04	8.758576e-05	-1.742077e-04	3.261937e-19	-1.475907e-21	1.009908e-20	3.573633e-21	6.525447e-21
104           	1.881281e+00	9.406405e-01	9.406405e-01	-1.053135e-03	-7.048911e-04	-3.482442e-04	-1.783235e-04	3.261960e-19	-1.453367e-21	1.016023e-20	3.626750e-21	6.533484e-21
104.5         	1.881428e+00	9.407141e-01	9.407141e-01	-2.220292e-03	-1.287474e-03	-9.328174e-04	-1.773285e-04	3.262086e-19	-1.427688e-21	1.023823e-20	3.691426e-21	6.546802e-21
105           	1.881646e+00	9.408231e-01	9.408231e-01	-3.324187e-03	-1.832960e-03	-1.491226e-03	-1.708670e-04	3.262392e-19	-1.397569e-21	1.032732e-20	3.766092e-21	6.561230e-21
105.5         	1.881838e+00	9.409192e-01	9.409192e-01	-4.444927e-03	-2.381048e-03	-2.063879e-03	-1.585846e-04	3.262432e-19	-1.365176e-21	1.040600e-20	3.837822e-21	6.568174e-21
106           	1.882093e+00	9.410464e-01	9.410464e-01	-5.451824e-03	-2.866355e-03	-2.585469e-03	-1.404429e-04	3.262610e-19	-1.333066e-21	1.049008e-20	3.911976e-21	6.578107e-21
106.5         	1.882385e+00	9.411923e-01	9.411923e-01	-6.421439e-03	-3.327066e-03	-3.094373e-03	-1.163465e-04	3.262900e-19	-1.299973e-21	1.057845e-20	3.989253e-21	6.589199e-21
107           	1.882740e+00	9.413699e-01	9.413699e-01	-7.323521e-03	-3.748554e-03	-3.574967e-03	-8.679344e-05	3.263253e-19	-1.267269e-21	1.066479e-20	4.065124e-21	6.599663e-21
107.5         	1.883216e+00	9.416078e-01	9.416078e-01	-8.011717e-03	-4.057766e-03	-3.953950e-03	-5.190800e-05	3.263730e-19	-1.234964e-21	1.074830e-20	4.139184e-21	6.609112e-21
108           	1.883707e+00	9.418536e-01	9.418536e-01	-8.547325e-03	-4.286448e-03	-4.260877e-03	-1.278571e-05	3.264305e-19	-1.206205e-21	1.082700e-20	4.207294e-21	6.619705e-21
108.5         	1.884253e+00	9.421264e-01	9.421264e-01	-8.791105e-03	-4.365466e-03	-4.425639e-03	3.008637e-05	3.264801e-19	-1.181940e-21	1.088552e-20	4.260818e-21	6.624699e-21
109           	1.884873e+00	9.424367e-01	9.424367e-01	-8.813200e-03	-4.330757e-03	-4.482443e-03	7.584305e-05	3.265433e-19	-1.162780e-21	1.093480e-20	4.304621e-21	6.630180e-21
109.5         	1.885614e+00	9.428069e-01	9.428069e-01	-8.576866e-03	-4.165741e-03	-4.411125e-03	1.226924e-04	3.266238e-19	-1.148845e-21	1.097314e-20	4.337725e-21	6.635415e-21
110           	1.886394e+00	9.431971e-01	9.431971e-01	-8.033461e-03	-3.846943e-03	-4.186518e-03	1.697873e-04	3.267099e-19	-1.141924e-21	1.099176e-20	4.353953e-21	6.637802e-21
110.5         	1.887284e+00	9.436422e-01	9.436422e-01	-7.297592e-03	-3.433590e-03	-3.864002e-03	2.152060e-04	3.267830e-19	-1.142872e-21	1.098169e-20	4.347973e-21	6.633716e-21
111           	1.888268e+00	9.441340e-01	9.441340e-01	-6.102597e-03	-2.793548e-03	-3.309050e-03	2.577510e-04	3.269050e-19	-1.151065e-21	1.096890e-20	4.333387e-21	6.635516e-21
111.5         	1.889399e+00	9.446995e-01	9.446995e-01	-4.797873e-03	-2.103111e-03	-2.694763e-03	2.958260e-04	3.270180e-19	-1.168352e-21	1.092716e-20	4.295228e-21	6.631931e-21
112           	1.890608e+00	9.453038e-01	9.453038e-01	-2.915494e-03	-1.129929e-03	-1.785566e-03	3.278184e-04	3.271441e-19	-1.194623e-21	1.086014e-20	4.235447e-21	6.624692e-21
112.5         	1.892008e+00	9.460041e-01	9.460041e-01	-1.176625e-03	-2.363710e-04	-9.402535e-04	3.519412e-04	3.272872e-19	-1.228363e-21	1.078118e-20	4.162224e-21	6.618951e-21
113           	1.893445e+00	9.467226e-01	9.467226e-01	1.272315e-03	1.003310e-03	2.690041e-04	3.671532e-04	3.274197e-19	-1.272167e-21	1.066036e-20	4.058014e-21	6.602348e-21
113.5         	1.895167e+00	9.475834e-01	9.475834e-01	3.530087e-03	2.136792e-03	1.393295e-03	3.717488e-04	3.276264e-19	-1.324738e-21	1.055789e-20	3.954206e-21	6.603682e-21
114           	1.896974e+00	9.484872e-01	9.484872e-01	5.987134e-03	3.357805e-03	2.629330e-03	3.642375e-04	3.278415e-19	-1.380214e-21	1.043519e-20	3.837379e-21	6.597806e-21
114.5         	1.898994e+00	9.494968e-01	9.494968e-01	8.405568e-03	4.547122e-03	3.858446e-03	3.443379e-04	3.280709e-19	-1.441435e-21	1.030093e-20	3.709031e-21	6.591901e-21
115           	1.901220e+00	9.506100e-01	9.506100e-01	1.074052e-02	5.681716e-03	5.058804e-03	3.114559e-04	3.283175e-19	-1.505300e-21	1.015958e-20	3.574490e-21	6.585090e-21
115.5         	1.903650e+00	9.518249e-01	9.518249e-01	1.311814e-02	6.824479e-03	6.293658e-03	2.654106e-04	3.286232e-19	-1.569747e-21	1.003287e-20	3.446690e-21	6.586183e-21
116           	1.906220e+00	9.531099e-01	9.531099e-01	1.505703e-02	7.734925e-03	7.322102e-03	2.064113e-04	3.289055e-19	-1.632466e-21	9.892812e-21	3.313939e-21	6.578872e-21
116.5         	1.909064e+00	9.545318e-01	9.545318e-01	1.694820e-02	8.609294e-03	8.338907e-03	1.351938e-04	3.292585e-19	-1.693196e-21	9.782266e-21	3.197937e-21	6.584329e-21
117           	1.912300e+00	9.561500e-01	9.561500e-01	1.825152e-02	9.178613e-03	9.072911e-03	5.285076e-05	3.296656e-19	-1.744021e-21	9.708243e-21	3.110100e-21	6.598143e-21
117.5         	1.915542e+00	9.577708e-01	9.577708e-01	1.934716e-02	9.634570e-03	9.712591e-03	-3.901064e-05	3.300669e-19	-1.791834e-21	9.637887e-21	3.027109e-21	6.610778e-21
118           	1.919191e+00	9.595957e-01	9.595957e-01	1.967621e-02	9.699428e-03	9.976781e-03	-1.386766e-04	3.305211e-19	-1.826113e-21	9.616463e-21	2.982118e-21	6.634344e-21
118.5         	1.922826e+00	9.614131e-01	9.614131e-01	1.954891e-02	9.530988e-03	1.001793e-02	-2.434693e-04	3.309648e-19	-1.852716e-21	9.611468e-21	2.953018e-21	6.658449e-21
119           	1.927057e+00	9.635283e-01	9.635283e-01	1.845183e-02	8.875321e-03	9.576512e-03	-3.505955e-04	3.314570e-19	-1.862561e-21	9.666292e-21	2.970586e-21	6.695707e-21
119.5         	1.931245e+00	9.656225e-01	9.656225e-01	1.698676e-02	8.036814e-03	8.949944e-03	-4.565653e-04	3.319963e-19	-1.855912e-21	9.776783e-21	3.032479e-21	6.744304e-21
120           	1.936159e+00	9.680795e-01	9.680795e-01	1.423673e-02	6.560540e-03	7.676190e-03	-5.578249e-04	3.326140e-19	-1.829074e-21	9.977642e-21	3.159747e-21	6.817895e-21
120.5         	1.941050e+00	9.705250e-01	9.705250e-01	1.131627e-02	5.008725e-03	6.307544e-03	-6.494096e-04	3.332465e-19	-1.781076e-21	1.021883e-20	3.328342e-21	6.890493e-21
121           	1.946149e+00	9.730743e-01	9.730743e-01	6.720749e-03	2.632988e-03	4.087761e-03	-7.273865e-04	3.338303e-19	-1.714387e-21	1.050343e-20	3.537327e-21	6.966101e-21
121.5         	1.951734e+00	9.758668e-01	9.758668e-01	2.026143e-03	2.266707e-04	1.799473e-03	-7.864009e-04	3.345776e-19	-1.622534e-21	1.090306e-20	3.828994e-21	7.074063e-21
122           	1.957468e+00	9.787340e-01	9.787340e-01	-4.024264e-03	-2.834230e-03	-1.190034e-03	-8.220978e-04	3.353814e-19	-1.508211e-21	1.138938e-20	4.186477e-21	7.202899e-21
122.5         	1.963451e+00	9.817257e-01	9.817257e-01	-9.861848e-03	-5.760131e-03	-4.101717e-03	-8.292069e-04	3.361313e-19	-1.373717e-21	1.187243e-20	4.562496e-21	7.309929e-21
123           	1.969479e+00	9.847394e-01	9.847394e-01	-1.710609e-02	-9.357101e-03	-7.748989e-03	-8.040561e-04	3.369421e-19	-1.213356e-21	1.243666e-20	5.004975e-21	7.431687e-21
123.5         	1.976151e+00	9.880755e-01	9.880755e-01	-2.365013e-02	-1.256727e-02	-1.108287e-02	-7.422006e-04	3.378312e-19	-1.033848e-21	1.303739e-20	5.484846e-21	7.552542e-21
124           	1.982641e+00	9.913204e-01	9.913204e-01	-3.059279e-02	-1.593834e-02	-1.465445e-02	-6.419471e-04	3.386868e-19	-8.351725e-22	1.363087e-20	5.980263e-21	7.650608e-21
124.5         	1.989906e+00	9.949531e-01	9.949531e-01	-3.656843e-02	-1.878556e-02	-1.778287e-02	-5.013412e-04	3.395862e-19	-6.274448e-22	1.420666e-20	6.475887e-21	7.730776e-21
125           	1.996907e+00	9.984533e-01	9.984533e-01	-4.236344e-02	-2.150293e-02	-2.086051e-02	-3.212101e-04	3.405232e-19	-4.129671e-22	1.476471e-20	6.969388e-21	7.795322e-21
125.5         	2.004599e+00	1.002300e+00	1.002300e+00	-4.591322e-02	-2.306140e-02	-2.285182e-02	-1.047897e-04	3.414936e-19	-2.020447e-22	1.523750e-20	7.416706e-21	7.820795e-21
126           	2.011852e+00	1.005926e+00	1.005926e+00	-4.762153e-02	-2.366799e-02	-2.395354e-02	1.427786e-04	3.424238e-19	-5.089965e-24	1.557928e-20	7.784552e-21	7.794732e-21
126.5         	2.019742e+00	1.009871e+00	1.009871e+00	-4.760297e-02	-2.338893e-02	-2.421404e-02	4.125577e-04	3.434458e-19	1.665029e-22	1.583480e-20	8.083901e-21	7.750895e-21
127           	2.026817e+00	1.013408e+00	1.013408e+00	-4.455330e-02	-2.158261e-02	-2.297069e-02	6.940424e-04	3.443374e-19	2.976329e-22	1.585541e-20	8.225336e-21	7.630071e-21
127.5         	2.034492e+00	1.017246e+00	1.017246e+00	-3.828316e-02	-1.816823e-02	-2.011493e-02	9.733497e-04	3.453333e-19	3.856671e-22	1.573547e-20	8.253403e-21	7.482068e-21
128           	2.041771e+00	1.020886e+00	1.020886e+00	-2.930837e-02	-1.341958e-02	-1.588880e-02	1.234611e-03	3.462576e-19	4.023301e-22	1.537514e-20	8.089901e-21	7.285241e-21
128.5         	2.049441e+00	1.024720e+00	1.024720e+00	-1.659208e-02	-6.836538e-03	-9.755540e-03	1.459501e-03	3.472078e-19	3.476882e-22	1.480500e-20	7.750187e-21	7.054810e-21
129           	2.056889e+00	1.028445e+00	1.028445e+00	-2.458223e-03	4.004601e-04	-2.858683e-03	1.629572e-03	3.481544e-19	2.195877e-22	1.406816e-20	7.253666e-21	6.814490e-21
129.5         	2.064111e+00	1.032056e+00	1.032056e+00	1.421075e-02	8.832418e-03	5.378336e-03	1.727041e-03	3.490220e-19	-7.585175e-24	1.310238e-20	6.543605e-21	6.558776e-21
130           	2.071100e+00	1.035550e+00	1.035550e+00	3.239894e-02	1.793505e-02	1.446389e-02	1.735583e-03	3.498905e-19	-3.088606e-22	1.200760e-20	5.694939e-21	6.312660e-21
130.5         	2.079334e+00	1.039667e+00	1.039667e+00	5.006627e-02	2.667623e-02	2.339004e-02	1.643094e-03	3.508592e-19	-6.788020e-22	1.089768e-20	4.770038e-21	6.127642e-21
131           	2.086212e+00	1.043106e+00	1.043106e+00	6.696433e-02	3.492473e-02	3.203960e-02	1.442568e-03	3.516987e-19	-1.109393e-21	9.723502e-21	3.752358e-21	5.971144e-21
131.5         	2.093992e+00	1.046996e+00	1.046996e+00	8.131151e-02	4.178908e-02	3.952244e-02	1.133321e-03	3.526206e-19	-1.565868e-21	8.675174e-21	2.771719e-21	5.903455e-21
132           	2.101543e+00	1.050771e+00	1.050771e+00	9.163039e-02	4.653780e-02	4.509259e-02	7.226015e-04	3.534465e-19	-2.018154e-21	7.760425e-21	1.862059e-21	5.898366e-21
132.5         	2.108800e+00	1.054400e+00	1.054400e+00	9.693208e-02	4.869156e-02	4.824053e-02	2.255167e-04	3.543449e-19	-2.433551e-21	7.151076e-21	1.141987e-21	6.009088e-21
133           	2.115626e+00	1.057813e+00	1.057813e+00	9.667390e-02	4.800152e-02	4.867238e-02	-3.354276e-04	3.551332e-19	-2.789936e-21	6.815179e-21	6.176534e-22	6.197526e-21
133.5         	2.122273e+00	1.061136e+00	1.061136e+00	9.002975e-02	4.408571e-02	4.594404e-02	-9.291679e-04	3.559081e-19	-3.033497e-21	6.879800e-21	4.064029e-22	6.473397e-21
134           	2.128204e+00	1.064102e+00	1.064102e+00	7.539545e-02	3.617799e-02	3.921746e-02	-1.519737e-03	3.566296e-19	-3.145533e-21	7.384191e-21	5.465626e-22	6.837628e-21
134.5         	2.134869e+00	1.067435e+00	1.067435e+00	5.438815e-02	2.512856e-02	2.925959e-02	-2.065514e-03	3.574647e-19	-3.083766e-21	8.400354e-21	1.116411e-21	7.283943e-21
135           	2.140749e+00	1.070375e+00	1.070375e+00	2.740056e-02	1.117685e-02	1.622371e-02	-2.523434e-03	3.582649e-19	-2.860779e-21	9.827507e-21	2.052975e-21	7.774532e-21
135.5         	2.147403e+00	1.073701e+00	1.073701e+00	-3.538700e-03	-4.620523e-03	1.081823e-03	-2.851173e-03	3.591932e-19	-2.432764e-21	1.168804e-20	3.411254e-21	8.276782e-21
136           	2.152661e+00	1.076331e+00	1.076331e+00	-3.814517e-02	-2.208639e-02	-1.605878e-02	-3.013802e-03	3.601267e-19	-1.844752e-21	1.384781e-20	5.079151e-21	8.768655e-21
136.5         	2.159214e+00	1.079607e+00	1.079607e+00	-7.266577e-02	-3.931491e-02	-3.335086e-02	-2.982024e-03	3.612135e-19	-1.098836e-21	1.622746e-20	7.014893e-21	9.212565e-21
137           	2.165726e+00	1.082863e+00	1.082863e+00	-1.052413e-01	-5.536010e-02	-4.988123e-02	-2.739431e-03	3.623012e-19	-2.530223e-22	1.861442e-20	9.054186e-21	9.560231e-21
137.5         	2.172673e+00	1.086337e+00	1.086337e+00	-1.328729e-01	-6.872104e-02	-6.415188e-02	-2.284581e-03	3.634725e-19	6.307966e-22	2.087411e-20	1.106785e-20	9.806259e-21
138           	2.178756e+00	1.089378e+00	1.089378e+00	-1.522843e-01	-7.777286e-02	-7.451140e-02	-1.630730e-03	3.645340e-19	1.477837e-21	2.274009e-20	1.284788e-20	9.892210e-21
138.5         	2.185463e+00	1.092731e+00	1.092731e+00	-1.631551e-01	-8.238526e-02	-8.076987e-02	-8.076988e-04	3.655719e-19	2.253290e-21	2.415486e-20	1.433072e-20	9.824138e-21
139           	2.191538e+00	1.095769e+00	1.095769e+00	-1.624991e-01	-8.111003e-02	-8.138910e-02	1.395354e-04	3.664395e-19	2.850496e-21	2.487208e-20	1.528654e-20	9.585542e-21
139.5         	2.197678e+00	1.098839e+00	1.098839e+00	-1.494585e-01	-7.357647e-02	-7.588201e-02	1.152771e-03	3.671780e-19	3.257228e-21	2.484233e-20	1.567839e-20	9.163935e-21
140           	2.203423e+00	1.101712e+00	1.101712e+00	-1.244083e-01	-6.004230e-02	-6.436600e-02	2.161850e-03	3.677396e-19	3.402150e-21	2.399237e-20	1.539834e-20	8.594036e-21
140.5         	2.209296e+00	1.104648e+00	1.104648e+00	-8.719750e-02	-4.050792e-02	-4.668958e-02	3.090833e-03	3.681770e-19	3.260614e-21	2.233901e-20	1.443012e-20	7.908890e-21
141           	2.213739e+00	1.106870e+00	1.106870e+00	-4.012654e-02	-1.620102e-02	-2.392552e-02	3.862252e-03	3.683712e-19	2.777112e-21	1.982187e-20	1.268805e-20	7.133824e-21
141.5         	2.219097e+00	1.109549e+00	1.109549e+00	1.463075e-02	1.172030e-02	2.910449e-03	4.404926e-03	3.686676e-19	2.013042e-21	1.674427e-20	1.038518e-20	6.359095e-21
142           	2.224388e+00	1.112194e+00	1.112194e+00	7.213487e-02	4.072517e-02	3.140970e-02	4.657733e-03	3.689403e-19	9.482639e-22	1.318093e-20	7.538726e-21	5.642199e-21
142.5         	2.229721e+00	1.114861e+00	1.114861e+00	1.275478e-01	6.835272e-02	5.919506e-02	4.578829e-03	3.693110e-19	-3.277924e-22	9.452052e-21	4.398234e-21	5.053819e-21
143           	2.236034e+00	1.118017e+00	1.118017e+00	1.774811e-01	9.288879e-02	8.459232e-02	4.148236e-03	3.698558e-19	-1.703790e-21	5.853379e-21	1.222899e-21	4.630480e-21
143.5         	2.243001e+00	1.121500e+00	1.121500e+00	2.179153e-01	1.123294e-01	1.055860e-01	3.371716e-03	3.705879e-19	-3.060624e-21	2.703235e-21	-1.709006e-21	4.412241e-21
144           	2.250781e+00	1.125391e+00	1.125391e+00	2.448738e-01	1.247193e-01	1.201545e-01	2.282436e-03	3.715119e-19	-4.293975e-21	2.815172e-22	-4.153216e-21	4.434734e-21
144.5         	2.258138e+00	1.129069e+00	1.129069e+00	2.542615e-01	1.280723e-01	1.261892e-01	9.415422e-04	3.724942e-19	-5.255969e-21	-1.157086e-21	-5.834512e-21	4.677426e-21
145           	2.265121e+00	1.132560e+00	1.132560e+00	2.439269e-01	1.213988e-01	1.225281e-01	-5.646791e-04	3.735463e-19	-5.883910e-21	-1.419204e-21	-6.593511e-21	5.174308e-21
145.5         	2.272488e+00	1.136244e+00	1.136244e+00	2.142533e-01	1.049967e-01	1.092567e-01	-2.130016e-03	3.746768e-19	-6.104970e-21	-4.335016e-22	-6.321721e-21	5.888219e-21
146           	2.277154e+00	1.138577e+00	1.138577e+00	1.636204e-01	7.817416e-02	8.544620e-02	-3.636021e-03	3.756773e-19	-5.837078e-21	1.850174e-21	-4.911991e-21	6.762165e-21
146.5         	2.283296e+00	1.141648e+00	1.141648e+00	9.654372e-02	4.331237e-02	5.323135e-02	-4.959488e-03	3.768716e-19	-5.048633e-21	5.433547e-21	-2.331860e-21	7.765407e-21
147           	2.286737e+00	1.143369e+00	1.143369e+00	1.630614e-02	2.172040e-03	1.413410e-02	-5.981033e-03	3.779669e-19	-3.778420e-21	1.001666e-20	1.229912e-21	8.786752e-21
147.5         	2.290803e+00	1.145402e+00	1.145402e+00	-7.059851e-02	-4.189524e-02	-2.870328e-02	-6.595981e-03	3.791477e-19	-2.048400e-21	1.538906e-20	5.646127e-21	9.742928e-21
148           	2.296873e+00	1.148436e+00	1.148436e+00	-1.587903e-01	-8.612041e-02	-7.266985e-02	-6.725278e-03	3.804375e-19	6.635356e-23	2.123021e-20	1.068146e-20	1.054875e-20
148.5         	2.303051e+00	1.151526e+00	1.151526e+00	-2.396173e-01	-1.261335e-01	-1.134838e-01	-6.324859e-03	3.817274e-19	2.281527e-21	2.696236e-20	1.576271e-20	1.119965e-20
149           	2.311904e+00	1.155952e+00	1.155952e+00	-3.057693e-01	-1.582743e-01	-1.474950e-01	-5.389673e-03	3.830845e-19	4.408111e-21	3.213860e-20	2.047741e-20	1.166119e-20
149.5         	2.322333e+00	1.161166e+00	1.161166e+00	-3.504179e-01	-1.791673e-01	-1.712505e-01	-3.958411e-03	3.843559e-19	6.235241e-21	3.624175e-20	2.435612e-20	1.188564e-20
150           	2.331504e+00	1.165752e+00	1.165752e+00	-3.696276e-01	-1.869303e-01	-1.826973e-01	-2.116502e-03	3.853381e-19	7.554654e-21	3.884595e-20	2.697763e-20	1.186832e-20
150.5         	2.341997e+00	1.170999e+00	1.170999e+00	-3.597913e-01	-1.798857e-01	-1.799057e-01	1.000056e-05	3.862107e-19	8.348675e-21	3.986804e-20	2.828270e-20	1.158535e-20
151           	2.349375e+00	1.174688e+00	1.174688e+00	-3.194197e-01	-1.574487e-01	-1.619710e-01	2.261158e-03	3.865983e-19	8.524453e-21	3.902531e-20	2.803711e-20	1.098820e-20
151.5         	2.355088e+00	1.177544e+00	1.177544e+00	-2.501495e-01	-1.206141e-01	-1.295353e-01	4.460596e-03	3.868138e-19	8.107175e-21	3.646034e-20	2.633735e-20	1.012300e-20
152           	2.357716e+00	1.178858e+00	1.178858e+00	-1.531638e-01	-7.015913e-02	-8.300470e-02	6.422784e-03	3.867613e-19	6.990310e-21	3.203797e-20	2.300930e-20	9.028677e-21
152.5         	2.359051e+00	1.179525e+00	1.179525e+00	-3.771097e-02	-1.088313e-02	-2.682784e-02	7.972354e-03	3.866961e-19	5.219631e-21	2.607331e-20	1.825629e-20	7.817024e-21
153           	2.361909e+00	1.180954e+00	1.180954e+00	8.734786e-02	5.262808e-02	3.471978e-02	8.954147e-03	3.867767e-19	2.768796e-21	1.881594e-20	1.217677e-20	6.639175e-21
153.5         	2.365813e+00	1.182907e+00	1.182907e+00	2.145467e-01	1.165237e-01	9.802301e-02	9.250332e-03	3.870512e-19	-1.872024e-22	1.071487e-20	5.170231e-21	5.544636e-21
154           	2.373652e+00	1.186826e+00	1.186826e+00	3.308155e-01	1.741994e-01	1.566161e-01	8.791641e-03	3.876952e-19	-3.332538e-21	2.623163e-21	-2.020957e-21	4.644120e-21
154.5         	2.384942e+00	1.192471e+00	1.192471e+00	4.241098e-01	2.196219e-01	2.044879e-01	7.566972e-03	3.885692e-19	-6.261812e-21	-4.627955e-21	-8.575789e-21	3.947834e-21
155           	2.397967e+00	1.198983e+00	1.198983e+00	4.853626e-01	2.483151e-01	2.370476e-01	5.633744e-03	3.895699e-19	-8.596467e-21	-1.021718e-20	-1.370506e-20	3.487876e-21
155.5         	2.413361e+00	1.206680e+00	1.206680e+00	5.095459e-01	2.578933e-01	2.516526e-01	3.120370e-03	3.906830e-19	-1.012826e-20	-1.354583e-20	-1.690118e-20	3.355344e-21
156           	2.423303e+00	1.211651e+00	1.211651e+00	4.897667e-01	2.450989e-01	2.446678e-01	2.155423e-04	3.914519e-19	-1.079824e-20	-1.442531e-20	-1.801090e-20	3.585591e-21
156.5         	2.432348e+00	1.216174e+00	1.216174e+00	4.295388e-01	2.119204e-01	2.176184e-01	-2.849004e-03	3.922726e-19	-1.057330e-20	-1.262637e-20	-1.688648e-20	4.260114e-21
157           	2.433416e+00	1.216708e+00	1.216708e+00	3.279525e-01	1.581568e-01	1.697957e-01	-5.819416e-03	3.928591e-19	-9.516659e-21	-8.315172e-21	-1.367425e-20	5.359073e-21
157.5         	2.430828e+00	1.215414e+00	1.215414e+00	1.916974e-01	8.740551e-02	1.042919e-01	-8.443204e-03	3.935844e-19	-7.570286e-21	-1.544695e-21	-8.342633e-21	6.797938e-21
158           	2.428009e+00	1.214004e+00	1.214004e+00	3.132282e-02	5.179778e-03	2.614304e-02	-1.048163e-02	3.946558e-19	-4.656065e-21	7.432977e-21	-9.395769e-22	8.372553e-21
158.5         	2.425688e+00	1.212844e+00	1.212844e+00	-1.409246e-01	-8.219753e-02	-5.872704e-02	-1.173524e-02	3.960924e-19	-8.102211e-22	1.811394e-20	8.246749e-21	9.867191e-21
159           	2.430066e+00	1.215033e+00	1.215033e+00	-3.109554e-01	-1.675332e-01	-1.434222e-01	-1.205550e-02	3.980942e-19	3.571374e-21	2.963468e-20	1.838871e-20	1.124597e-20
159.5         	2.441504e+00	1.220752e+00	1.220752e+00	-4.619309e-01	-2.423247e-01	-2.196063e-01	-1.135919e-02	4.003546e-19	7.918691e-21	4.072012e-20	2.827875e-20	1.244137e-20
160           	2.458160e+00	1.229080e+00	1.229080e+00	-5.797486e-01	-2.995218e-01	-2.802268e-01	-9.647524e-03	4.025123e-19	1.143476e-20	4.995453e-20	3.641202e-20	1.354251e-20
160.5         	2.477074e+00	1.238537e+00	1.238537e+00	-6.510661e-01	-3.325496e-01	-3.185166e-01	-7.016486e-03	4.042369e-19	1.374848e-20	5.636152e-20	4.192924e-20	1.443228e-20
161           	2.494924e+00	1.247462e+00	1.247462e+00	-6.688455e-01	-3.380834e-01	-3.307620e-01	-3.660700e-03	4.052470e-19	1.468683e-20	5.944313e-20	4.440839e-20	1.503474e-20
161.5         	2.505621e+00	1.252810e+00	1.252810e+00	-6.292772e-01	-3.144937e-01	-3.147834e-01	1.448676e-04	4.052258e-19	1.453270e-20	5.919946e-20	4.413243e-20	1.506703e-20
162           	2.509666e+00	1.254833e+00	1.254833e+00	-5.337025e-01	-2.627707e-01	-2.709318e-01	4.080552e-03	4.044495e-19	1.355378e-20	5.595160e-20	4.152958e-20	1.442202e-20
162.5         	2.507518e+00	1.253759e+00	1.253759e+00	-3.882277e-01	-1.863023e-01	-2.019254e-01	7.811547e-03	4.031116e-19	1.186971e-20	4.990422e-20	3.682182e-20	1.308240e-20
163           	2.494622e+00	1.247311e+00	1.247311e+00	-2.019773e-01	-8.996851e-02	-1.120088e-01	1.102014e-02	4.013256e-19	9.303439e-21	4.099660e-20	2.980174e-20	1.119486e-20
163.5         	2.487405e+00	1.243703e+00	1.243703e+00	1.169755e-02	1.927026e-02	-7.572707e-03	1.342148e-02	4.001568e-19	5.517256e-21	2.947858e-20	2.025655e-20	9.222033e-21
164           	2.483268e+00	1.241634e+00	1.241634e+00	2.348314e-01	1.321989e-01	1.026325e-01	1.478320e-02	3.996094e-19	5.167193e-22	1.575218e-20	8.392810e-21	7.359372e-21
164.5         	2.490171e+00	1.245085e+00	1.245085e+00	4.486955e-01	2.392851e-01	2.094104e-01	1.493735e-02	4.000521e-19	-5.140211e-21	1.183685e-21	-4.548369e-21	5.732054e-21
165           	2.508088e+00	1.254044e+00	1.254044e+00	6.287424e-01	3.281758e-01	3.005666e-01	1.380458e-02	4.011996e-19	-1.042513e-20	-1.231818e-20	-1.658422e-20	4.266045e-21
165.5         	2.532273e+00	1.266137e+00	1.266137e+00	7.607544e-01	3.917939e-01	3.689605e-01	1.141674e-02	4.026983e-19	-1.425833e-20	-2.292142e-20	-2.571904e-20	2.797618e-21
166           	2.558246e+00	1.279123e+00	1.279123e+00	8.288594e-01	4.223639e-01	4.064955e-01	7.934222e-03	4.041271e-19	-1.626488e-20	-2.948938e-20	-3.100958e-20	1.520191e-21
166.5         	2.577247e+00	1.288624e+00	1.288624e+00	8.249755e-01	4.161297e-01	4.088458e-01	3.641988e-03	4.051466e-19	-1.654357e-20	-3.167506e-20	-3.238110e-20	7.060393e-22
167           	2.585440e+00	1.292720e+00	1.292720e+00	7.501550e-01	3.739931e-01	3.761619e-01	-1.084389e-03	4.055295e-19	-1.563569e-20	-2.991975e-20	-3.059557e-20	6.758172e-22
167.5         	2.582550e+00	1.291275e+00	1.291275e+00	6.109160e-01	2.996256e-01	3.112904e-01	-5.832397e-03	4.055747e-19	-1.395593e-20	-2.457130e-20	-2.624158e-20	1.670280e-21
168           	2.567739e+00	1.283869e+00	1.283869e+00	4.121868e-01	1.958937e-01	2.162932e-01	-1.019974e-02	4.053715e-19	-1.135750e-20	-1.573804e-20	-1.922652e-20	3.488478e-21
168.5         	2.548738e+00	1.274369e+00	1.274369e+00	1.688136e-01	7.057955e-02	9.823410e-02	-1.382728e-02	4.056439e-19	-7.457305e-21	-3.334019e-21	-9.124315e-21	5.790295e-21
169           	2.536114e+00	1.268057e+00	1.268057e+00	-9.858656e-02	-6.569576e-02	-3.289080e-02	-1.640248e-02	4.069409e-19	-1.765253e-21	1.250092e-20	4.485209e-21	8.015715e-21
169.5         	2.535898e+00	1.267949e+00	1.267949e+00	-3.687773e-01	-2.020649e-01	-1.667124e-01	-1.767629e-02	4.093649e-19	5.319100e-21	3.059268e-20	2.061544e-20	9.977239e-21
170           	2.547908e+00	1.273954e+00	1.273954e+00	-6.146439e-01	-3.247970e-01	-2.898469e-01	-1.747506e-02	4.123926e-19	1.236149e-20	4.841938e-20	3.657118e-20	1.184820e-20
170.5         	2.576183e+00	1.288092e+00	1.288092e+00	-8.135754e-01	-4.225242e-01	-3.910513e-01	-1.573645e-02	4.157060e-19	1.778983e-20	6.340816e-20	4.949391e-20	1.391425e-20
171           	2.608735e+00	1.304368e+00	1.304368e+00	-9.433266e-01	-4.842101e-01	-4.591165e-01	-1.254683e-02	4.183071e-19	2.048097e-20	7.338515e-20	5.717355e-20	1.621160e-20
171.5         	2.636787e+00	1.318394e+00	1.318394e+00	-9.890454e-01	-5.026794e-01	-4.863660e-01	-8.156709e-03	4.196925e-19	2.058155e-20	7.784126e-20	5.950218e-20	1.833908e-20
172           	2.654164e+00	1.327082e+00	1.327082e+00	-9.499103e-01	-4.779152e-01	-4.719951e-01	-2.960057e-03	4.196600e-19	1.910064e-20	7.751597e-20	5.785863e-20	1.965734e-20
172.5         	2.655565e+00	1.327782e+00	1.327782e+00	-8.298322e-01	-4.123494e-01	-4.174828e-01	2.566697e-03	4.181138e-19	1.705931e-20	7.335189e-20	5.373526e-20	1.961663e-20
173           	2.641310e+00	1.320655e+00	1.320655e+00	-6.358507e-01	-3.099882e-01	-3.258624e-01	7.937080e-03	4.153540e-19	1.482086e-20	6.583538e-20	4.773855e-20	1.809683e-20
173.5         	2.616050e+00	1.308025e+00	1.308025e+00	-3.823835e-01	-1.784815e-01	-2.039020e-01	1.271028e-02	4.120866e-19	1.198051e-20	5.487292e-20	3.941697e-20	1.545595e-20
174           	2.591210e+00	1.295605e+00	1.295605e+00	-8.461741e-02	-2.580174e-02	-5.881567e-02	1.650697e-02	4.093431e-19	7.453271e-21	3.986763e-20	2.738709e-20	1.248054e-20
174.5         	2.578411e+00	1.289205e+00	1.289205e+00	2.285033e-01	1.332626e-01	9.524065e-02	1.901100e-02	4.079141e-19	7.683986e-22	2.107345e-20	1.130512e-20	9.768325e-21
175           	2.582575e+00	1.291287e+00	1.291287e+00	5.316646e-01	2.858010e-01	2.458636e-01	1.996871e-02	4.080535e-19	-7.327303e-21	2.683241e-22	-7.193141e-21	7.461465e-21
175.5         	2.607628e+00	1.303814e+00	1.303814e+00	7.944793e-01	4.164528e-01	3.780265e-01	1.921315e-02	4.094615e-19	-1.477935e-20	-1.916939e-20	-2.436405e-20	5.194657e-21
176           	2.641779e+00	1.320889e+00	1.320889e+00	9.883703e-01	5.109084e-01	4.774619e-01	1.672321e-02	4.112626e-19	-1.955797e-20	-3.402023e-20	-3.656808e-20	2.547851e-21
176.5         	2.680351e+00	1.340175e+00	1.340175e+00	1.093828e+00	5.595832e-01	5.342450e-01	1.266910e-02	4.131229e-19	-2.110055e-20	-4.261269e-20	-4.240689e-20	-2.057981e-22
177           	2.706808e+00	1.353404e+00	1.353404e+00	1.103041e+00	5.589342e-01	5.441066e-01	7.413789e-03	4.143023e-19	-2.014157e-20	-4.520769e-20	-4.274541e-20	-2.462277e-21
177.5         	2.715941e+00	1.357970e+00	1.357970e+00	1.015310e+00	5.091174e-01	5.061922e-01	1.462643e-03	4.147418e-19	-1.804288e-20	-4.280570e-20	-3.944573e-20	-3.359964e-21
178           	2.703444e+00	1.351722e+00	1.351722e+00	8.414352e-01	4.160896e-01	4.253455e-01	-4.627952e-03	4.141986e-19	-1.571465e-20	-3.656374e-20	-3.399652e-20	-2.567213e-21
178.5         	2.677587e+00	1.338793e+00	1.338793e+00	5.931966e-01	2.862633e-01	3.069332e-01	-1.033496e-02	4.134374e-19	-1.287823e-20	-2.640110e-20	-2.607878e-20	-3.223264e-22
179           	2.645644e+00	1.322822e+00	1.322822e+00	2.895834e-01	1.295819e-01	1.600015e-01	-1.520976e-02	4.131434e-19	-8.609538e-21	-1.185166e-20	-1.453537e-20	2.683706e-21
179.5         	2.618927e+00	1.309464e+00	1.309464e+00	-5.084167e-02	-4.430220e-02	-6.539468e-03	-1.888137e-02	4.141469e-19	-1.687425e-21	7.744819e-21	2.184984e-21	5.559835e-21
180           	2.610813e+00	1.305406e+00	1.305406e+00	-3.946785e-01	-2.183777e-01	-1.763008e-01	-2.103846e-02	4.167187e-19	7.341790e-21	3.069270e-20	2.268814e-20	8.004561e-21
180.5         	2.626938e+00	1.313469e+00	1.313469e+00	-7.110891e-01	-3.769759e-01	-3.341132e-01	-2.143133e-02	4.204455e-19	1.647557e-20	5.367981e-20	4.331548e-20	1.036434e-20
181           	2.661022e+00	1.330511e+00	1.330511e+00	-9.646808e-01	-5.022638e-01	-4.624170e-01	-1.992341e-02	4.241891e-19	2.285990e-20	7.235734e-20	5.903857e-20	1.331877e-20
181.5         	2.702656e+00	1.351328e+00	1.351328e+00	-1.132774e+00	-5.829564e-01	-5.498177e-01	-1.656934e-02	4.271429e-19	2.506203e-20	8.407525e-20	6.709965e-20	1.697559e-20
182           	2.739677e+00	1.369839e+00	1.369839e+00	-1.197976e+00	-6.106399e-01	-5.873356e-01	-1.165216e-02	4.287313e-19	2.378533e-20	8.876215e-20	6.816640e-20	2.059575e-20
182.5         	2.757976e+00	1.378988e+00	1.378988e+00	-1.156074e+00	-5.836910e-01	-5.723825e-01	-5.654231e-03	4.284572e-19	2.079413e-20	8.776239e-20	6.467532e-20	2.308707e-20
183           	2.754349e+00	1.377175e+00	1.377175e+00	-1.013994e+00	-5.061690e-01	-5.078250e-01	8.280124e-04	4.263925e-19	1.783633e-20	8.278082e-20	5.922674e-20	2.355408e-20
183.5         	2.729692e+00	1.364846e+00	1.364846e+00	-7.869755e-01	-3.862903e-01	-4.006852e-01	7.197480e-03	4.227449e-19	1.541933e-20	7.456652e-20	5.270259e-20	2.186393e-20
184           	2.693633e+00	1.346817e+00	1.346817e+00	-4.926361e-01	-2.333855e-01	-2.592506e-01	1.293252e-02	4.184985e-19	1.265584e-20	6.268830e-20	4.399999e-20	1.868831e-20
184.5         	2.657715e+00	1.328858e+00	1.328858e+00	-1.458061e-01	-5.529390e-02	-9.051216e-02	1.760913e-02	4.149644e-19	7.858283e-21	4.585495e-20	3.078576e-20	1.506919e-20
185           	2.636877e+00	1.318439e+00	1.318439e+00	2.240447e-01	1.328952e-01	9.114949e-02	2.087284e-02	4.130652e-19	1.130667e-22	2.392756e-20	1.207685e-20	1.185071e-20
185.5         	2.638724e+00	1.319362e+00	1.319362e+00	5.786378e-01	3.117400e-01	2.668978e-01	2.242114e-02	4.130432e-19	-9.455666e-21	-6.487303e-22	-9.780032e-21	9.131301e-21
186           	2.666953e+00	1.333477e+00	1.333477e+00	8.859879e-01	4.650182e-01	4.209696e-01	2.202429e-02	4.144267e-19	-1.793767e-20	-2.333320e-20	-2.960427e-20	6.271075e-21
186.5         	2.708545e+00	1.354273e+00	1.354273e+00	1.111503e+00	5.753633e-01	5.361401e-01	1.961158e-02	4.163195e-19	-2.272835e-20	-4.002316e-20	-4.273993e-20	2.716776e-21
187           	2.752910e+00	1.376455e+00	1.376455e+00	1.236296e+00	6.334954e-01	6.028008e-01	1.534729e-02	4.181593e-19	-2.347324e-20	-4.920535e-20	-4.807592e-20	-1.129430e-21
187.5         	2.781622e+00	1.390811e+00	1.390811e+00	1.245960e+00	6.326222e-01	6.133378e-01	9.642223e-03	4.192692e-19	-2.129625e-20	-5.138012e-20	-4.698631e-20	-4.393807e-21
188           	2.788287e+00	1.394144e+00	1.394144e+00	1.147906e+00	5.770367e-01	5.708698e-01	3.083425e-03	4.195387e-19	-1.839873e-20	-4.850848e-20	-4.265298e-20	-5.855507e-21
188.5         	2.770076e+00	1.385038e+00	1.385038e+00	9.545380e-01	4.735886e-01	4.809495e-01	-3.680443e-03	4.187094e-19	-1.579719e-20	-4.185578e-20	-3.672508e-20	-5.130704e-21
189           	2.735904e+00	1.367952e+00	1.367952e+00	6.796337e-01	3.297613e-01	3.498724e-01	-1.005555e-02	4.175799e-19	-1.299803e-20	-3.112131e-20	-2.855869e-20	-2.562622e-21
189.5         	2.694148e+00	1.347074e+00	1.347074e+00	3.417121e-01	1.553026e-01	1.864095e-01	-1.555342e-02	4.169951e-19	-8.535679e-21	-1.536694e-20	-1.621915e-20	8.522100e-22
190           	2.660562e+00	1.330281e+00	1.330281e+00	-3.334281e-02	-3.645608e-02	3.113267e-03	-1.978467e-02	4.179504e-19	-1.041168e-21	6.027244e-21	1.972455e-21	4.054790e-21
190.5         	2.650858e+00	1.325429e+00	1.325429e+00	-4.126298e-01	-2.287230e-01	-1.839067e-01	-2.240816e-02	4.207658e-19	9.112761e-21	3.164573e-20	2.493563e-20	6.710105e-21
191           	2.664773e+00	1.332386e+00	1.332386e+00	-7.621988e-01	-4.042352e-01	-3.579636e-01	-2.313584e-02	4.245655e-19	1.908437e-20	5.691686e-20	4.754281e-20	9.374059e-21
191.5         	2.703609e+00	1.351805e+00	1.351805e+00	-1.041517e+00	-5.425457e-01	-4.989713e-01	-2.178724e-02	4.284579e-19	2.565152e-20	7.703632e-20	6.416968e-20	1.286664e-20
192           	2.750242e+00	1.375121e+00	1.375121e+00	-1.221908e+00	-6.293462e-01	-5.925616e-01	-1.839228e-02	4.313898e-19	2.716106e-20	8.900737e-20	7.166475e-20	1.734262e-20
192.5         	2.788867e+00	1.394434e+00	1.394434e+00	-1.290690e+00	-6.585961e-01	-6.320939e-01	-1.325108e-02	4.328083e-19	2.486857e-20	9.327524e-20	7.150619e-20	2.176905e-20
193           	2.807079e+00	1.403539e+00	1.403539e+00	-1.243870e+00	-6.288304e-01	-6.150394e-01	-6.895526e-03	4.323688e-19	2.102112e-20	9.171373e-20	6.687799e-20	2.483575e-20
193.5         	2.800450e+00	1.400225e+00	1.400225e+00	-1.091035e+00	-5.455043e-01	-5.455306e-01	1.316989e-05	4.299690e-19	1.764155e-20	8.635104e-20	6.081707e-20	2.553397e-20
194           	2.770932e+00	1.385466e+00	1.385466e+00	-8.475584e-01	-4.169591e-01	-4.305993e-01	6.820096e-03	4.259371e-19	1.522641e-20	7.789412e-20	5.417347e-20	2.372065e-20
194.5         	2.728050e+00	1.364025e+00	1.364025e+00	-5.313217e-01	-2.526941e-01	-2.786275e-01	1.296669e-02	4.212202e-19	1.258568e-20	6.557099e-20	4.537118e-20	2.019982e-20
195           	2.684919e+00	1.342460e+00	1.342460e+00	-1.615964e-01	-6.278208e-02	-9.881429e-02	1.801611e-02	4.172387e-19	7.636528e-21	4.778380e-20	3.152843e-20	1.625537e-20
195.5         	2.661014e+00	1.330507e+00	1.330507e+00	2.291561e-01	1.361805e-01	9.297568e-02	2.160240e-02	4.152104e-19	-5.941985e-22	2.446624e-20	1.163892e-20	1.282732e-20
196           	2.664600e+00	1.332300e+00	1.332300e+00	6.067198e-01	3.267601e-01	2.799596e-01	2.340025e-02	4.153059e-19	-1.086266e-20	-1.780813e-21	-1.175307e-20	9.972255e-21
196.5         	2.693631e+00	1.346815e+00	1.346815e+00	9.306220e-01	4.884617e-01	4.421603e-01	2.315070e-02	4.166045e-19	-1.962816e-20	-2.567296e-20	-3.246464e-20	6.791679e-21
197           	2.738897e+00	1.369449e+00	1.369449e+00	1.168329e+00	6.049235e-01	5.634055e-01	2.075900e-02	4.184708e-19	-2.421654e-20	-4.291032e-20	-4.567170e-20	2.761377e-21
197.5         	2.785798e+00	1.392899e+00	1.392899e+00	1.295112e+00	6.639452e-01	6.311670e-01	1.638905e-02	4.202843e-19	-2.429499e-20	-5.187141e-20	-5.023069e-20	-1.640712e-21
198           	2.813878e+00	1.406939e+00	1.406939e+00	1.303029e+00	6.619937e-01	6.410355e-01	1.047908e-02	4.212645e-19	-2.158496e-20	-5.377208e-20	-4.847100e-20	-5.301084e-21
198.5         	2.818713e+00	1.409357e+00	1.409357e+00	1.199586e+00	6.034512e-01	5.961350e-01	3.658072e-03	4.213772e-19	-1.830339e-20	-5.061471e-20	-4.361074e-20	-7.003970e-21
199           	2.796450e+00	1.398225e+00	1.398225e+00	9.941572e-01	4.936957e-01	5.004615e-01	-3.382909e-03	4.204104e-19	-1.560819e-20	-4.368964e-20	-3.745301e-20	-6.236625e-21
199.5         	2.758442e+00	1.379221e+00	1.379221e+00	7.069633e-01	3.434625e-01	3.635007e-01	-1.001911e-02	4.191577e-19	-1.282551e-20	-3.266788e-20	-2.915945e-20	-3.508432e-21
200           	2.712069e+00	1.356035e+00	1.356035e+00	3.542786e-01	1.613891e-01	1.928895e-01	-1.575023e-02	4.184376e-19	-8.294687e-21	-1.636668e-20	-1.647803e-20	1.113485e-22
